	cpmid	n	avg_accuracy	max_accuracy	median_accuracy	std_error
0	10429369_D009711_x_D018981	1	0.86	0.9	0.9	0.024494897427831768
1	10429369_D009711_x_D018981	2	0.82	1.0	0.9	0.07348469228349534
2	10429369_D009711_x_D018981	3	1.0	1.0	1.0	0.0
3	10429369_D009711_x_D018981	4	1.0	1.0	1.0	0.0
4	10429369_D009711_x_D018981	5	1.0	1.0	1.0	0.0
5	10429369_D009711_x_D018981	6	1.0	1.0	1.0	0.0
6	10429369_D009711_x_D018981	7	1.0	1.0	1.0	0.0
7	10429369_D009711_x_D018981	8	1.0	1.0	1.0	0.0
8	10429369_D009711_x_D018981	9	1.0	1.0	1.0	0.0
9	10429369_D009711_x_D018981	10	1.0	1.0	1.0	0.0
10	10429369_D009711_x_D018981	11	1.0	1.0	1.0	0.0
11	10429369_D009711_x_D018981	12	1.0	1.0	1.0	0.0
12	10429369_D009711_x_D018981	13	1.0	1.0	1.0	0.0
13	10429369_D009711_x_D018981	14	1.0	1.0	1.0	0.0
14	10429369_D009711_x_D018981	15	1.0	1.0	1.0	0.0
15	10858229_D000596_x_D004403	1	0.8200000000000001	1.0	0.8	0.05830951894845302
16	10858229_D000596_x_D004403	2	0.8	1.0	0.7	0.0632455532033676
17	10858229_D000596_x_D004403	3	0.9	1.0	0.9	0.04472135954999577
18	10858229_D000596_x_D004403	4	0.96	1.0	1.0	0.03999999999999999
19	10858229_D000596_x_D004403	5	0.9400000000000001	1.0	1.0	0.039999999999999994
20	10858229_D000596_x_D004403	6	1.0	1.0	1.0	0.0
21	10858229_D000596_x_D004403	7	1.0	1.0	1.0	0.0
22	10858229_D000596_x_D004403	8	1.0	1.0	1.0	0.0
23	10858229_D000596_x_D004403	9	1.0	1.0	1.0	0.0
24	10858229_D000596_x_D004403	10	1.0	1.0	1.0	0.0
25	10858229_D000596_x_D004403	11	1.0	1.0	1.0	0.0
26	10858229_D000596_x_D004403	12	1.0	1.0	1.0	0.0
27	10858229_D000596_x_D004403	13	1.0	1.0	1.0	0.0
28	10858229_D000596_x_D004403	14	1.0	1.0	1.0	0.0
29	11018092_D007854_x_D009369	1	0.8400000000000001	1.0	0.8	0.06782329983125268
30	11018092_D007854_x_D009369	2	0.8400000000000001	1.0	0.9	0.06000000000000001
31	11018092_D007854_x_D009369	3	0.9800000000000001	1.0	1.0	0.020000000000000004
32	11018092_D007854_x_D009369	4	1.0	1.0	1.0	0.0
33	11018092_D007854_x_D009369	5	1.0	1.0	1.0	0.0
34	11018092_D007854_x_D009369	6	1.0	1.0	1.0	0.0
35	11018092_D007854_x_D009369	7	1.0	1.0	1.0	0.0
36	11018092_D007854_x_D009369	8	1.0	1.0	1.0	0.0
37	11018092_D007854_x_D009369	9	1.0	1.0	1.0	0.0
38	11018092_D007854_x_D009369	10	1.0	1.0	1.0	0.0
39	11018092_D007854_x_D009369	11	1.0	1.0	1.0	0.0
40	11018092_D007854_x_D009369	12	1.0	1.0	1.0	0.0
41	11018092_D007854_x_D009369	13	1.0	1.0	1.0	0.0
42	11018092_D007854_x_D009369	14	1.0	1.0	1.0	0.0
43	11018092_D007854_x_D009369	15	1.0	1.0	1.0	0.0
44	11084394_5443_x_C536009	1	0.27499999999999997	0.6	0.2	0.1181453906563152
45	11084394_5443_x_C536009	2	0.3	0.4	0.3	0.054772255750516606
46	11084394_5443_x_C536009	3	0.26	0.3	0.3	0.024494897427831775
47	11084394_5443_x_C536009	4	0.38	0.7	0.3	0.08602325267042625
48	11084394_5443_x_C536009	5	0.28	0.4	0.2	0.048989794855663564
49	11084394_5443_x_C536009	6	0.5	0.7	0.6	0.10488088481701513
50	11084394_5443_x_C536009	7	0.36	0.6	0.3	0.06782329983125267
51	11084394_5443_x_C536009	8	0.54	0.7	0.6	0.06782329983125267
52	11084394_5443_x_C536009	9	0.5	0.7	0.5	0.10954451150103321
53	11084394_5443_x_C536009	10	0.45999999999999996	0.7	0.4	0.08124038404635961
54	11084394_5443_x_C536009	11	0.52	0.6	0.5	0.037416573867739396
55	11084394_5443_x_C536009	12	0.43999999999999995	0.8	0.4	0.09273618495495704
56	11084394_5443_x_C536009	13	0.48	0.7	0.4	0.07348469228349534
57	11084394_5443_x_C536009	14	0.5199999999999999	0.7	0.5	0.06633249580710798
58	11084394_5443_x_C536009	15	0.5	0.7	0.5	0.08366600265340754
59	11084394_5443_x_D000309	1	0.21999999999999997	0.3	0.2	0.0374165738677394
60	11084394_5443_x_D000309	2	0.24	0.4	0.2	0.05099019513592784
61	11084394_5443_x_D000309	3	0.2	0.3	0.2	0.03162277660168379
62	11084394_5443_x_D000309	4	0.22000000000000003	0.4	0.2	0.048989794855663564
63	11084394_5443_x_D000309	5	0.15	0.2	0.15000000000000002	0.028867513459481294
64	11084394_5443_x_D000309	6	0.19999999999999998	0.3	0.2	0.05773502691896257
65	11084394_5443_x_D000309	7	0.16666666666666666	0.2	0.2	0.03333333333333334
66	11084394_5443_x_D000309	8	0.16	0.2	0.2	0.024494897427831782
67	11084394_5443_x_D000309	9	0.1	0.1	0.1	0.0
68	11084394_5443_x_D000309	10	0.16	0.2	0.2	0.024494897427831782
69	11084394_5443_x_D000309	11	0.13333333333333333	0.2	0.1	0.03333333333333334
70	11084394_5443_x_D000309	12	0.2	0.2	0.2	
71	11308015_D011134_x_D018981	1	0.9199999999999999	1.0	0.9	0.019999999999999997
72	11308015_D011134_x_D018981	2	1.0	1.0	1.0	0.0
73	11308015_D011134_x_D018981	3	1.0	1.0	1.0	0.0
74	11308015_D011134_x_D018981	4	1.0	1.0	1.0	0.0
75	11308015_D011134_x_D018981	5	1.0	1.0	1.0	0.0
76	11308015_D011134_x_D018981	6	1.0	1.0	1.0	0.0
77	11308015_D011134_x_D018981	7	1.0	1.0	1.0	0.0
78	11308015_D011134_x_D018981	8	1.0	1.0	1.0	0.0
79	11308015_D011134_x_D018981	9	1.0	1.0	1.0	0.0
80	11308015_D011134_x_D018981	10	1.0	1.0	1.0	0.0
81	11308015_D011134_x_D018981	11	1.0	1.0	1.0	0.0
82	11308015_D011134_x_D018981	12	1.0	1.0	1.0	0.0
83	11308015_D011134_x_D018981	13	1.0	1.0	1.0	0.0
84	11308015_D011134_x_D018981	14	1.0	1.0	1.0	0.0
85	11308015_D011134_x_D018981	15	1.0	1.0	1.0	0.0
86	11353896_4158_x_D004931	1	0.42000000000000004	0.6	0.4	0.04898979485566356
87	11353896_4158_x_D004931	2	0.41999999999999993	0.5	0.5	0.058309518948452994
88	11353896_4158_x_D004931	3	0.45999999999999996	0.7	0.4	0.08124038404635961
89	11353896_4158_x_D004931	4	0.58	0.8	0.6	0.08602325267042625
90	11353896_4158_x_D004931	5	0.54	0.7	0.5	0.05099019513592784
91	11353896_4158_x_D004931	6	0.6599999999999999	0.8	0.7	0.050990195135927834
92	11353896_4158_x_D004931	7	0.7	0.9	0.7	0.07071067811865477
93	11353896_4158_x_D004931	8	0.74	1.0	0.7	0.07483314773547883
94	11353896_4158_x_D004931	9	0.6	0.7	0.6	0.031622776601683784
95	11353896_4158_x_D004931	10	0.76	0.9	0.8	0.05099019513592785
96	11353896_4158_x_D004931	11	0.78	0.9	0.8	0.05830951894845302
97	11353896_4158_x_D004931	12	0.76	1.0	0.8	0.09273618495495703
98	11353896_4158_x_D004931	13	0.5800000000000001	0.8	0.6	0.066332495807108
99	11353896_4158_x_D004931	14	0.74	0.9	0.8	0.0678232998312527
100	11353896_4158_x_D004931	15	0.82	1.0	0.8	0.048989794855663564
101	11353896_5443_x_D020022	1	0.42000000000000004	0.6	0.5	0.09165151389911678
102	11353896_5443_x_D020022	2	0.34	0.5	0.4	0.06782329983125268
103	11353896_5443_x_D020022	3	0.28	0.3	0.3	0.01999999999999999
104	11353896_5443_x_D020022	4	0.54	0.7	0.6	0.05999999999999998
105	11353896_5443_x_D020022	5	0.5	0.8	0.5	0.08366600265340755
106	11353896_5443_x_D020022	6	0.58	0.7	0.6	0.058309518948452994
107	11353896_5443_x_D020022	7	0.5599999999999999	0.8	0.6	0.09273618495495703
108	11353896_5443_x_D020022	8	0.6799999999999999	0.9	0.6	0.07348469228349537
109	11353896_5443_x_D020022	9	0.64	0.8	0.7	0.08124038404635958
110	11353896_5443_x_D020022	10	0.7	0.9	0.7	0.07071067811865477
111	11353896_5443_x_D020022	11	0.6399999999999999	0.7	0.6	0.02449489742783178
112	11353896_5443_x_D020022	12	0.5599999999999999	0.7	0.7	0.08717797887081344
113	11353896_5443_x_D020022	13	0.76	1.0	0.8	0.08124038404635961
114	11353896_5443_x_D020022	14	0.6399999999999999	0.7	0.6	0.02449489742783177
115	11353896_5443_x_D020022	15	0.7200000000000001	0.8	0.7	0.02000000000000001
116	11807674_D006854_x_C536008	1	0.5	0.6	0.5	0.05477225575051662
117	11807674_D006854_x_C536008	2	0.4	0.6	0.4	0.09486832980505137
118	11807674_D006854_x_C536008	3	0.72	0.9	0.8	0.07348469228349534
119	11807674_D006854_x_C536008	4	0.74	0.9	0.8	0.06782329983125268
120	11807674_D006854_x_C536008	5	0.76	0.9	0.8	0.05099019513592787
121	11807674_D006854_x_C536008	6	0.7	0.8	0.7	0.04472135954999581
122	11807674_D006854_x_C536008	7	0.7	0.9	0.7	0.07071067811865477
123	11807674_D006854_x_C536008	8	0.8	1.0	0.7	0.0632455532033676
124	11807674_D006854_x_C536008	9	0.82	1.0	0.8	0.09165151389911678
125	11807674_D006854_x_C536008	10	0.8800000000000001	1.0	0.9	0.0374165738677394
126	11807674_D006854_x_C536008	11	0.9800000000000001	1.0	1.0	0.019999999999999997
127	11807674_D006854_x_C536008	12	0.8200000000000001	1.0	0.9	0.07348469228349536
128	11807674_D006854_x_C536008	13	1.0	1.0	1.0	0.0
129	11807674_D006854_x_C536008	14	1.0	1.0	1.0	0.0
130	11807674_D006854_x_C536008	15	1.0	1.0	1.0	0.0
131	11807674_D006854_x_D004931	1	0.64	0.8	0.7	0.06782329983125268
132	11807674_D006854_x_D004931	2	0.78	1.0	0.8	0.066332495807108
133	11807674_D006854_x_D004931	3	0.76	0.9	0.8	0.050990195135927854
134	11807674_D006854_x_D004931	4	0.9	1.0	0.9	0.031622776601683784
135	11807674_D006854_x_D004931	5	0.8400000000000001	1.0	0.9	0.06
136	11807674_D006854_x_D004931	6	0.9800000000000001	1.0	1.0	0.019999999999999993
137	11807674_D006854_x_D004931	7	0.9199999999999999	1.0	0.9	0.037416573867739396
138	11807674_D006854_x_D004931	8	1.0	1.0	1.0	0.0
139	11807674_D006854_x_D004931	9	1.0	1.0	1.0	0.0
140	11807674_D006854_x_D004931	10	1.0	1.0	1.0	0.0
141	11807674_D006854_x_D004931	11	1.0	1.0	1.0	0.0
142	11807674_D006854_x_D004931	12	1.0	1.0	1.0	0.0
143	11807674_D006854_x_D004931	13	1.0	1.0	1.0	0.0
144	11807674_D006854_x_D004931	14	1.0	1.0	1.0	0.0
145	11807674_D006854_x_D004931	15	1.0	1.0	1.0	0.0
146	11836161_C056752_x_D000742	1	0.9199999999999999	1.0	0.9	0.0374165738677394
147	11836161_C056752_x_D000742	2	0.82	0.9	0.8	0.037416573867739424
148	11836161_C056752_x_D000742	3	0.9800000000000001	1.0	1.0	0.019999999999999993
149	11836161_C056752_x_D000742	4	1.0	1.0	1.0	0.0
150	11836161_C056752_x_D000742	5	1.0	1.0	1.0	0.0
151	11836161_C056752_x_D000742	6	1.0	1.0	1.0	0.0
152	11836161_C056752_x_D000742	7	1.0	1.0	1.0	0.0
153	11836161_C056752_x_D000742	8	1.0	1.0	1.0	0.0
154	11836161_C056752_x_D000742	9	1.0	1.0	1.0	0.0
155	11836161_C056752_x_D000742	10	1.0	1.0	1.0	0.0
156	11836161_C056752_x_D000742	11	1.0	1.0	1.0	0.0
157	11836161_C056752_x_D000742	12	1.0	1.0	1.0	0.0
158	11836161_C056752_x_D000742	13	1.0	1.0	1.0	0.0
159	11836161_C056752_x_D000742	14	1.0	1.0	1.0	0.0
160	11836161_C056752_x_D000742	15	1.0	1.0	1.0	0.0
161	11916319_D003981_x_D012640	1	0.38	0.5	0.4	0.03741657386773942
162	11916319_D003981_x_D012640	2	0.38	0.5	0.4	0.048989794855663564
163	11916319_D003981_x_D012640	3	0.7	0.8	0.7	0.044721359549995815
164	11916319_D003981_x_D012640	4	0.5599999999999999	0.7	0.5	0.05999999999999998
165	11916319_D003981_x_D012640	5	0.66	0.9	0.6	0.08124038404635961
166	11916319_D003981_x_D012640	6	0.45999999999999996	0.6	0.5	0.0748331477354788
167	11916319_D003981_x_D012640	7	0.78	0.9	0.8	0.07348469228349534
168	11916319_D003981_x_D012640	8	0.5800000000000001	0.7	0.5	0.048989794855663536
169	11916319_D003981_x_D012640	9	0.6399999999999999	0.7	0.6	0.024494897427831765
170	11916319_D003981_x_D012640	10	0.6599999999999999	0.8	0.7	0.06782329983125268
171	11916319_D003981_x_D012640	11	0.6399999999999999	0.8	0.6	0.05099019513592785
172	11916319_D003981_x_D012640	12	0.74	0.9	0.7	0.06782329983125268
173	11916319_D003981_x_D012640	13	0.6799999999999999	0.9	0.7	0.1019803902718557
174	11916319_D003981_x_D012640	14	1.0	1.0	1.0	0.0
175	12717251_8086_x_C536008	1	1.0	1.0	1.0	0.0
176	12717251_8086_x_C536008	2	1.0	1.0	1.0	0.0
177	12717251_8086_x_C536008	3	1.0	1.0	1.0	0.0
178	12717251_8086_x_C536008	4	1.0	1.0	1.0	0.0
179	12717251_8086_x_C536008	5	1.0	1.0	1.0	0.0
180	12717251_8086_x_C536008	6	1.0	1.0	1.0	0.0
181	12717251_8086_x_C536008	7	1.0	1.0	1.0	0.0
182	12717251_8086_x_C536008	8	1.0	1.0	1.0	0.0
183	12717251_8086_x_C536008	9	1.0	1.0	1.0	0.0
184	12717251_8086_x_C536008	10	1.0	1.0	1.0	0.0
185	12717251_8086_x_C536008	11	1.0	1.0	1.0	0.0
186	12717251_8086_x_C536008	12	1.0	1.0	1.0	0.0
187	12717251_8086_x_C536008	13	1.0	1.0	1.0	0.0
188	12717251_8086_x_C536008	14	1.0	1.0	1.0	0.0
189	12717251_8086_x_C536008	15	1.0	1.0	1.0	0.0
190	12793312_5443_x_C536008	1	0.52	0.7	0.5	0.04898979485566355
191	12793312_5443_x_C536008	2	0.6	0.7	0.6	0.03162277660168379
192	12793312_5443_x_C536008	3	0.6399999999999999	0.9	0.7	0.09797958971132713
193	12793312_5443_x_C536008	4	0.72	0.9	0.8	0.07348469228349534
194	12793312_5443_x_C536008	5	0.82	0.9	0.9	0.058309518948452994
195	12793312_5443_x_C536008	6	0.9	1.0	0.9	0.031622776601683784
196	12793312_5443_x_C536008	7	0.9800000000000001	1.0	1.0	0.019999999999999993
197	12793312_5443_x_C536008	8	0.96	1.0	1.0	0.02449489742783177
198	12793312_5443_x_C536008	9	0.9800000000000001	1.0	1.0	0.019999999999999993
199	12793312_5443_x_C536008	10	1.0	1.0	1.0	0.0
200	12793312_5443_x_C536008	11	1.0	1.0	1.0	0.0
201	12793312_5443_x_C536008	12	1.0	1.0	1.0	0.0
202	12793312_5443_x_C536008	13	1.0	1.0	1.0	0.0
203	12793312_5443_x_C536008	14	1.0	1.0	1.0	0.0
204	12793312_5443_x_C536008	15	1.0	1.0	1.0	0.0
205	12872847_C532103_x_D018981	1	0.96	1.0	1.0	0.024494897427831765
206	12872847_C532103_x_D018981	2	0.96	1.0	1.0	0.024494897427831775
207	12872847_C532103_x_D018981	3	1.0	1.0	1.0	0.0
208	12872847_C532103_x_D018981	4	1.0	1.0	1.0	0.0
209	12872847_C532103_x_D018981	5	1.0	1.0	1.0	0.0
210	12872847_C532103_x_D018981	6	1.0	1.0	1.0	0.0
211	12872847_C532103_x_D018981	7	1.0	1.0	1.0	0.0
212	12872847_C532103_x_D018981	8	1.0	1.0	1.0	0.0
213	12872847_C532103_x_D018981	9	1.0	1.0	1.0	0.0
214	12872847_C532103_x_D018981	10	1.0	1.0	1.0	0.0
215	12872847_C532103_x_D018981	11	1.0	1.0	1.0	0.0
216	12872847_C532103_x_D018981	12	1.0	1.0	1.0	0.0
217	12872847_C532103_x_D018981	13	1.0	1.0	1.0	0.0
218	12872847_C532103_x_D018981	14	1.0	1.0	1.0	0.0
219	12872847_C532103_x_D018981	15	1.0	1.0	1.0	0.0
220	12882516_C097320_x_D000544	1	0.5199999999999999	0.7	0.6	0.07348469228349533
221	12882516_C097320_x_D000544	2	0.36	0.5	0.4	0.06782329983125268
222	12882516_C097320_x_D000544	3	0.38	0.7	0.3	0.10198039027185568
223	12882516_C097320_x_D000544	4	0.6599999999999999	0.7	0.7	0.03999999999999999
224	12882516_C097320_x_D000544	5	0.6	0.8	0.6	0.08366600265340755
225	12882516_C097320_x_D000544	6	0.62	0.7	0.6	0.019999999999999993
226	12882516_C097320_x_D000544	7	0.78	0.9	0.8	0.048989794855663564
227	12882516_C097320_x_D000544	8	0.7600000000000001	0.8	0.8	0.04000000000000001
228	12882516_C097320_x_D000544	9	0.9199999999999999	1.0	0.9	0.037416573867739396
229	12882516_C097320_x_D000544	10	0.9199999999999999	1.0	0.9	0.019999999999999993
230	12882516_C097320_x_D000544	11	0.9199999999999999	1.0	1.0	0.05830951894845301
231	12882516_C097320_x_D000544	12	0.9800000000000001	1.0	1.0	0.019999999999999993
232	12882516_C097320_x_D000544	13	1.0	1.0	1.0	0.0
233	12882516_C097320_x_D000544	14	1.0	1.0	1.0	0.0
234	12882516_C097320_x_D000544	15	1.0	1.0	1.0	0.0
235	12882516_D004967_x_D000544	1	0.31999999999999995	0.4	0.3	0.03741657386773942
236	12882516_D004967_x_D000544	2	0.27999999999999997	0.4	0.3	0.05830951894845301
237	12882516_D004967_x_D000544	3	0.26666666666666666	0.4	0.3	0.0881917103688197
238	12882516_D004967_x_D000544	4	0.2	0.3	0.2	0.03162277660168379
239	12882516_D004967_x_D000544	5	0.42000000000000004	0.6	0.4	0.066332495807108
240	12882516_D004967_x_D000544	6	0.16666666666666666	0.3	0.1	0.06666666666666668
241	12882516_D004967_x_D000544	7	0.3	0.4	0.3	0.031622776601683784
242	12882516_D004967_x_D000544	8	0.18	0.3	0.1	0.04898979485566356
243	12882516_D004967_x_D000544	9	0.13333333333333333	0.2	0.1	0.03333333333333334
244	12882516_D004967_x_D000544	10	0.1	0.1	0.1	0.0
245	12882516_D004967_x_D000544	11	0.1	0.1	0.1	
246	12882516_D009569_x_D000544	1	0.34	0.6	0.3	0.0812403840463596
247	12882516_D009569_x_D000544	2	0.31999999999999995	0.4	0.3	0.020000000000000004
248	12882516_D009569_x_D000544	3	0.33999999999999997	0.8	0.2	0.12489995996796796
249	12882516_D009569_x_D000544	4	0.32	0.5	0.4	0.07348469228349534
250	12882516_D009569_x_D000544	5	0.26000000000000006	0.4	0.2	0.06
251	12882516_D009569_x_D000544	6	0.45999999999999996	0.8	0.5	0.11224972160321822
252	12882516_D009569_x_D000544	7	0.3	0.3	0.3	0.0
253	12882516_D009569_x_D000544	8	0.24	0.4	0.2	0.05099019513592785
254	12882516_D009569_x_D000544	9	0.15000000000000002	0.2	0.15000000000000002	0.02886751345948129
255	12882516_D009569_x_D000544	10	0.4	0.7	0.4	0.08366600265340753
256	12882516_D009569_x_D000544	11	0.16666666666666666	0.2	0.2	0.03333333333333334
257	12882516_D009569_x_D000544	12	0.125	0.2	0.1	0.025
258	1299347_D014361_x_D008232	1	0.86	0.9	0.9	0.024494897427831765
259	1299347_D014361_x_D008232	2	0.9399999999999998	1.0	1.0	0.03999999999999999
260	1299347_D014361_x_D008232	3	0.9400000000000001	1.0	1.0	0.03999999999999999
261	1299347_D014361_x_D008232	4	1.0	1.0	1.0	0.0
262	1299347_D014361_x_D008232	5	1.0	1.0	1.0	0.0
263	1299347_D014361_x_D008232	6	1.0	1.0	1.0	0.0
264	1299347_D014361_x_D008232	7	1.0	1.0	1.0	0.0
265	1299347_D014361_x_D008232	8	1.0	1.0	1.0	0.0
266	1299347_D014361_x_D008232	9	1.0	1.0	1.0	0.0
267	1299347_D014361_x_D008232	10	1.0	1.0	1.0	0.0
268	1299347_D014361_x_D008232	11	1.0	1.0	1.0	0.0
269	1299347_D014361_x_D008232	12	1.0	1.0	1.0	0.0
270	1299347_D014361_x_D008232	13	1.0	1.0	1.0	0.0
271	1299347_D014361_x_D008232	14	1.0	1.0	1.0	0.0
272	1299347_D014361_x_D008232	15	1.0	1.0	1.0	0.0
273	1325164_5443_x_C536008	1	0.27999999999999997	0.4	0.3	0.048989794855663564
274	1325164_5443_x_C536008	2	0.42000000000000004	0.7	0.4	0.07348469228349533
275	1325164_5443_x_C536008	3	0.42000000000000004	0.7	0.4	0.08602325267042626
276	1325164_5443_x_C536008	4	0.64	0.8	0.6	0.050990195135927834
277	1325164_5443_x_C536008	5	0.6399999999999999	0.8	0.7	0.06782329983125268
278	1325164_5443_x_C536008	6	0.7	0.8	0.7	0.0447213595499958
279	1325164_5443_x_C536008	7	0.6799999999999999	0.9	0.6	0.07348469228349534
280	1325164_5443_x_C536008	8	0.76	0.9	0.8	0.050990195135927854
281	1325164_5443_x_C536008	9	0.8200000000000001	0.9	0.8	0.03741657386773941
282	1325164_5443_x_C536008	10	0.8400000000000001	0.9	0.9	0.04
283	1325164_5443_x_C536008	11	0.96	1.0	1.0	0.039999999999999994
284	1325164_5443_x_C536008	12	0.9800000000000001	1.0	1.0	0.019999999999999993
285	1325164_5443_x_C536008	13	1.0	1.0	1.0	0.0
286	1325164_5443_x_C536008	14	1.0	1.0	1.0	0.0
287	1325164_5443_x_C536008	15	1.0	1.0	1.0	0.0
288	1325164_5443_x_None	1	0.2333333333333333	0.4	0.2	0.0881917103688197
289	1325164_5443_x_None	2	0.125	0.2	0.1	0.025
290	1325164_5443_x_None	3	0.2	0.4	0.2	0.05477225575051661
291	1325164_5443_x_None	4	0.20000000000000004	0.3	0.2	0.03162277660168379
292	1325164_5443_x_None	5	0.175	0.3	0.15000000000000002	0.04787135538781691
293	1325164_5443_x_None	6	0.1	0.1	0.1	0.0
294	1325164_5443_x_None	7	0.10000000000000002	0.1	0.1	0.0
295	14675190_D006497_x_D001768	1	0.4	0.5	0.4	0.0316227766016838
296	14675190_D006497_x_D001768	2	0.38	0.6	0.4	0.066332495807108
297	14675190_D006497_x_D001768	3	0.36	0.4	0.4	0.024494897427831792
298	14675190_D006497_x_D001768	4	0.42000000000000004	0.6	0.4	0.08
299	14675190_D006497_x_D001768	5	0.18	0.3	0.2	0.03741657386773941
300	14675190_D006497_x_D001768	6	0.20000000000000004	0.3	0.2	0.05773502691896257
301	14675190_D006497_x_D001768	7	0.22500000000000003	0.3	0.25	0.047871355387816894
302	14675190_D006497_x_D001768	8	0.15000000000000002	0.3	0.1	0.049999999999999996
303	14675190_D006497_x_D001768	9	0.13333333333333333	0.2	0.1	0.03333333333333334
304	14675190_D006497_x_D001768	10	0.2	0.2	0.2	
305	14675190_D006497_x_D001768	11	0.15000000000000002	0.2	0.15000000000000002	0.049999999999999996
306	15589762_C066308_x_D018981	1	0.74	0.9	0.7	0.050990195135927854
307	15589762_C066308_x_D018981	2	0.68	0.8	0.7	0.03741657386773941
308	15589762_C066308_x_D018981	3	0.7399999999999999	0.8	0.7	0.024494897427831803
309	15589762_C066308_x_D018981	4	0.86	1.0	0.8	0.03999999999999998
310	15589762_C066308_x_D018981	5	0.9199999999999999	1.0	0.9	0.037416573867739396
311	15589762_C066308_x_D018981	6	0.9800000000000001	1.0	1.0	0.019999999999999993
312	15589762_C066308_x_D018981	7	0.9800000000000001	1.0	1.0	0.019999999999999993
313	15589762_C066308_x_D018981	8	1.0	1.0	1.0	0.0
314	15589762_C066308_x_D018981	9	1.0	1.0	1.0	0.0
315	15589762_C066308_x_D018981	10	1.0	1.0	1.0	0.0
316	15589762_C066308_x_D018981	11	1.0	1.0	1.0	0.0
317	15589762_C066308_x_D018981	12	1.0	1.0	1.0	0.0
318	15589762_C066308_x_D018981	13	1.0	1.0	1.0	0.0
319	15589762_C066308_x_D018981	14	1.0	1.0	1.0	0.0
320	15589762_C066308_x_D018981	15	1.0	1.0	1.0	0.0
321	15623514_D000255_x_D016506	1	1.0	1.0	1.0	0.0
322	15623514_D000255_x_D016506	2	0.9199999999999999	1.0	0.9	0.037416573867739396
323	15623514_D000255_x_D016506	3	1.0	1.0	1.0	0.0
324	15623514_D000255_x_D016506	4	1.0	1.0	1.0	0.0
325	15623514_D000255_x_D016506	5	1.0	1.0	1.0	0.0
326	15623514_D000255_x_D016506	6	1.0	1.0	1.0	0.0
327	15623514_D000255_x_D016506	7	1.0	1.0	1.0	0.0
328	15623514_D000255_x_D016506	8	1.0	1.0	1.0	0.0
329	15623514_D000255_x_D016506	9	1.0	1.0	1.0	0.0
330	15623514_D000255_x_D016506	10	1.0	1.0	1.0	0.0
331	15623514_D000255_x_D016506	11	1.0	1.0	1.0	0.0
332	15623514_D000255_x_D016506	12	1.0	1.0	1.0	0.0
333	15623514_D000255_x_D016506	13	1.0	1.0	1.0	0.0
334	15623514_D000255_x_D016506	14	1.0	1.0	1.0	0.0
335	15623514_D000255_x_D016506	15	1.0	1.0	1.0	0.0
336	15680696_300259_x_C536008	1	1.0	1.0	1.0	0.0
337	15680696_300259_x_C536008	2	1.0	1.0	1.0	0.0
338	15680696_300259_x_C536008	3	1.0	1.0	1.0	0.0
339	15680696_300259_x_C536008	4	1.0	1.0	1.0	0.0
340	15680696_300259_x_C536008	5	1.0	1.0	1.0	0.0
341	15680696_300259_x_C536008	6	1.0	1.0	1.0	0.0
342	15680696_300259_x_C536008	7	1.0	1.0	1.0	0.0
343	15680696_300259_x_C536008	8	1.0	1.0	1.0	0.0
344	15680696_300259_x_C536008	9	1.0	1.0	1.0	0.0
345	15680696_300259_x_C536008	10	1.0	1.0	1.0	0.0
346	15680696_300259_x_C536008	11	1.0	1.0	1.0	0.0
347	15680696_300259_x_C536008	12	1.0	1.0	1.0	0.0
348	15680696_300259_x_C536008	13	1.0	1.0	1.0	0.0
349	15680696_300259_x_C536008	14	1.0	1.0	1.0	0.0
350	15680696_300259_x_C536008	15	1.0	1.0	1.0	0.0
351	16051600_None_x_D018981	1	0.9	0.9	0.9	0.0
352	16051600_None_x_D018981	2	0.8799999999999999	1.0	0.9	0.048989794855663564
353	16051600_None_x_D018981	3	1.0	1.0	1.0	0.0
354	16051600_None_x_D018981	4	1.0	1.0	1.0	0.0
355	16051600_None_x_D018981	5	1.0	1.0	1.0	0.0
356	16051600_None_x_D018981	6	1.0	1.0	1.0	0.0
357	16051600_None_x_D018981	7	1.0	1.0	1.0	0.0
358	16051600_None_x_D018981	8	1.0	1.0	1.0	0.0
359	16051600_None_x_D018981	9	1.0	1.0	1.0	0.0
360	16051600_None_x_D018981	10	1.0	1.0	1.0	0.0
361	16051600_None_x_D018981	11	1.0	1.0	1.0	0.0
362	16051600_None_x_D018981	12	1.0	1.0	1.0	0.0
363	16051600_None_x_D018981	13	1.0	1.0	1.0	0.0
364	16051600_None_x_D018981	14	1.0	1.0	1.0	0.0
365	16051600_None_x_D018981	15	1.0	1.0	1.0	0.0
366	16264411_8086_x_D030342	1	0.8	1.0	0.8	0.07071067811865477
367	16264411_8086_x_D030342	2	0.74	0.8	0.7	0.024494897427831803
368	16264411_8086_x_D030342	3	0.9800000000000001	1.0	1.0	0.019999999999999993
369	16264411_8086_x_D030342	4	0.9800000000000001	1.0	1.0	0.019999999999999993
370	16264411_8086_x_D030342	5	1.0	1.0	1.0	0.0
371	16264411_8086_x_D030342	6	1.0	1.0	1.0	0.0
372	16264411_8086_x_D030342	7	1.0	1.0	1.0	0.0
373	16264411_8086_x_D030342	8	1.0	1.0	1.0	0.0
374	16264411_8086_x_D030342	9	1.0	1.0	1.0	0.0
375	16264411_8086_x_D030342	10	1.0	1.0	1.0	0.0
376	16264411_8086_x_D030342	11	1.0	1.0	1.0	0.0
377	16264411_8086_x_D030342	12	1.0	1.0	1.0	0.0
378	16264411_8086_x_D030342	13	1.0	1.0	1.0	0.0
379	16264411_8086_x_D030342	14	1.0	1.0	1.0	0.0
380	16264411_8086_x_D030342	15	1.0	1.0	1.0	0.0
381	16528113_351_x_D000309	1	0.32	0.5	0.4	0.07348469228349534
382	16528113_351_x_D000309	2	0.24	0.4	0.2	0.04000000000000001
383	16528113_351_x_D000309	3	0.5199999999999999	0.7	0.5	0.07999999999999999
384	16528113_351_x_D000309	4	0.4600000000000001	0.6	0.5	0.050990195135927834
385	16528113_351_x_D000309	5	0.38	0.6	0.4	0.066332495807108
386	16528113_351_x_D000309	6	0.4	0.7	0.3	0.08944271909999157
387	16528113_351_x_D000309	7	0.5	0.8	0.5	0.1140175425099138
388	16528113_351_x_D000309	8	0.36	0.5	0.4	0.05099019513592785
389	16528113_351_x_D000309	9	0.38	0.5	0.3	0.048989794855663564
390	16528113_351_x_D000309	10	0.16	0.3	0.1	0.04
391	16528113_351_x_D000309	11	0.30000000000000004	0.4	0.3	0.0316227766016838
392	16528113_351_x_D000309	12	0.19999999999999998	0.3	0.2	0.0408248290463863
393	16528113_351_x_D000309	13	0.18000000000000002	0.4	0.1	0.05830951894845301
394	1659963_5443_x_C536009	1	0.76	0.9	0.7	0.04000000000000002
395	1659963_5443_x_C536009	2	0.54	0.7	0.5	0.05099019513592784
396	1659963_5443_x_C536009	3	0.7600000000000001	0.9	0.7	0.040000000000000015
397	1659963_5443_x_C536009	4	0.76	1.0	0.8	0.07483314773547883
398	1659963_5443_x_C536009	5	0.8200000000000001	0.9	0.8	0.03741657386773942
399	1659963_5443_x_C536009	6	0.9200000000000002	1.0	0.9	0.019999999999999993
400	1659963_5443_x_C536009	7	1.0	1.0	1.0	0.0
401	1659963_5443_x_C536009	8	0.96	1.0	1.0	0.024494897427831775
402	1659963_5443_x_C536009	9	1.0	1.0	1.0	0.0
403	1659963_5443_x_C536009	10	1.0	1.0	1.0	0.0
404	1659963_5443_x_C536009	11	1.0	1.0	1.0	0.0
405	1659963_5443_x_C536009	12	1.0	1.0	1.0	0.0
406	1659963_5443_x_C536009	13	1.0	1.0	1.0	0.0
407	1659963_5443_x_C536009	14	1.0	1.0	1.0	0.0
408	16847318_C027693_x_None	1	0.9399999999999998	1.0	0.9	0.024494897427831768
409	16847318_C027693_x_None	2	0.9400000000000001	1.0	1.0	0.03999999999999998
410	16847318_C027693_x_None	3	1.0	1.0	1.0	0.0
411	16847318_C027693_x_None	4	1.0	1.0	1.0	0.0
412	16847318_C027693_x_None	5	1.0	1.0	1.0	0.0
413	16847318_C027693_x_None	6	1.0	1.0	1.0	0.0
414	16847318_C027693_x_None	7	1.0	1.0	1.0	0.0
415	16847318_C027693_x_None	8	1.0	1.0	1.0	0.0
416	16847318_C027693_x_None	9	1.0	1.0	1.0	0.0
417	16847318_C027693_x_None	10	1.0	1.0	1.0	0.0
418	16847318_C027693_x_None	11	1.0	1.0	1.0	0.0
419	16847318_C027693_x_None	12	1.0	1.0	1.0	0.0
420	16847318_C027693_x_None	13	1.0	1.0	1.0	0.0
421	16847318_C027693_x_None	14	1.0	1.0	1.0	0.0
422	16847318_C027693_x_None	15	1.0	1.0	1.0	0.0
423	16938764_8086_x_D000309	1	0.9	1.0	0.9	0.04472135954999578
424	16938764_8086_x_D000309	2	0.9400000000000001	1.0	1.0	0.03999999999999998
425	16938764_8086_x_D000309	3	1.0	1.0	1.0	0.0
426	16938764_8086_x_D000309	4	1.0	1.0	1.0	0.0
427	16938764_8086_x_D000309	5	1.0	1.0	1.0	0.0
428	16938764_8086_x_D000309	6	1.0	1.0	1.0	0.0
429	16938764_8086_x_D000309	7	1.0	1.0	1.0	0.0
430	16938764_8086_x_D000309	8	1.0	1.0	1.0	0.0
431	16938764_8086_x_D000309	9	1.0	1.0	1.0	0.0
432	16938764_8086_x_D000309	10	1.0	1.0	1.0	0.0
433	16938764_8086_x_D000309	11	1.0	1.0	1.0	0.0
434	16938764_8086_x_D000309	12	1.0	1.0	1.0	0.0
435	16938764_8086_x_D000309	13	1.0	1.0	1.0	0.0
436	16938764_8086_x_D000309	14	1.0	1.0	1.0	0.0
437	16938764_8086_x_D000309	15	1.0	1.0	1.0	0.0
438	16938764_8086_x_D004931	1	1.0	1.0	1.0	0.0
439	16938764_8086_x_D004931	2	1.0	1.0	1.0	0.0
440	16938764_8086_x_D004931	3	1.0	1.0	1.0	0.0
441	16938764_8086_x_D004931	4	1.0	1.0	1.0	0.0
442	16938764_8086_x_D004931	5	1.0	1.0	1.0	0.0
443	16938764_8086_x_D004931	6	1.0	1.0	1.0	0.0
444	16938764_8086_x_D004931	7	1.0	1.0	1.0	0.0
445	16938764_8086_x_D004931	8	1.0	1.0	1.0	0.0
446	16938764_8086_x_D004931	9	1.0	1.0	1.0	0.0
447	16938764_8086_x_D004931	10	1.0	1.0	1.0	0.0
448	16938764_8086_x_D004931	11	1.0	1.0	1.0	0.0
449	16938764_8086_x_D004931	12	1.0	1.0	1.0	0.0
450	16938764_8086_x_D004931	13	1.0	1.0	1.0	0.0
451	16938764_8086_x_D004931	14	1.0	1.0	1.0	0.0
452	16938764_8086_x_D004931	15	1.0	1.0	1.0	0.0
453	16970037_8086_x_D009422	1	0.54	0.7	0.5	0.050990195135927834
454	16970037_8086_x_D009422	2	0.6199999999999999	0.9	0.5	0.07999999999999999
455	16970037_8086_x_D009422	3	0.7600000000000001	0.9	0.7	0.040000000000000015
456	16970037_8086_x_D009422	4	0.82	1.0	0.8	0.04898979485566356
457	16970037_8086_x_D009422	5	0.9	1.0	0.9	0.03162277660168377
458	16970037_8086_x_D009422	6	0.9399999999999998	1.0	0.9	0.024494897427831768
459	16970037_8086_x_D009422	7	0.96	1.0	1.0	0.024494897427831785
460	16970037_8086_x_D009422	8	0.9800000000000001	1.0	1.0	0.019999999999999997
461	16970037_8086_x_D009422	9	1.0	1.0	1.0	0.0
462	16970037_8086_x_D009422	10	1.0	1.0	1.0	0.0
463	16970037_8086_x_D009422	11	1.0	1.0	1.0	0.0
464	16970037_8086_x_D009422	12	1.0	1.0	1.0	0.0
465	16970037_8086_x_D009422	13	1.0	1.0	1.0	0.0
466	16970037_8086_x_D009422	14	1.0	1.0	1.0	0.0
467	16970037_8086_x_D009422	15	1.0	1.0	1.0	0.0
468	16970037_8086_x_D009461	1	0.9	1.0	0.9	0.04472135954999579
469	16970037_8086_x_D009461	2	0.9	0.9	0.9	0.0
470	16970037_8086_x_D009461	3	0.8800000000000001	1.0	0.9	0.037416573867739396
471	16970037_8086_x_D009461	4	0.9199999999999999	1.0	0.9	0.037416573867739396
472	16970037_8086_x_D009461	5	1.0	1.0	1.0	0.0
473	16970037_8086_x_D009461	6	0.9200000000000002	1.0	0.9	0.037416573867739396
474	16970037_8086_x_D009461	7	1.0	1.0	1.0	0.0
475	16970037_8086_x_D009461	8	1.0	1.0	1.0	0.0
476	16970037_8086_x_D009461	9	1.0	1.0	1.0	0.0
477	16970037_8086_x_D009461	10	1.0	1.0	1.0	0.0
478	16970037_8086_x_D009461	11	1.0	1.0	1.0	0.0
479	16970037_8086_x_D009461	12	1.0	1.0	1.0	0.0
480	16970037_8086_x_D009461	13	1.0	1.0	1.0	0.0
481	16970037_8086_x_D009461	14	1.0	1.0	1.0	0.0
482	16970037_8086_x_D009461	15	1.0	1.0	1.0	0.0
483	16980445_None_x_D012769	1	1.0	1.0	1.0	0.0
484	16980445_None_x_D012769	2	1.0	1.0	1.0	0.0
485	16980445_None_x_D012769	3	1.0	1.0	1.0	0.0
486	16980445_None_x_D012769	4	1.0	1.0	1.0	0.0
487	16980445_None_x_D012769	5	1.0	1.0	1.0	0.0
488	16980445_None_x_D012769	6	1.0	1.0	1.0	0.0
489	16980445_None_x_D012769	7	1.0	1.0	1.0	0.0
490	16980445_None_x_D012769	8	1.0	1.0	1.0	0.0
491	16980445_None_x_D012769	9	1.0	1.0	1.0	0.0
492	16980445_None_x_D012769	10	1.0	1.0	1.0	0.0
493	16980445_None_x_D012769	11	1.0	1.0	1.0	0.0
494	16980445_None_x_D012769	12	1.0	1.0	1.0	0.0
495	16980445_None_x_D012769	13	1.0	1.0	1.0	0.0
496	16980445_None_x_D012769	14	1.0	1.0	1.0	0.0
497	16980445_None_x_D012769	15	1.0	1.0	1.0	0.0
498	17049852_C047217_x_D018981	1	0.1	0.1	0.1	
499	17049852_C047217_x_D018981	2	0.1	0.1	0.1	0.0
500	17049852_C047217_x_D018981	3	0.15	0.3	0.1	0.049999999999999996
501	17049852_C047217_x_D018981	4	0.15000000000000002	0.2	0.15000000000000002	0.049999999999999996
502	17049852_C047217_x_D018981	5	0.1	0.1	0.1	0.0
503	17197096_D011188_x_D018981	1	0.7	0.8	0.7	0.05477225575051662
504	17197096_D011188_x_D018981	2	0.64	0.8	0.6	0.05099019513592785
505	17197096_D011188_x_D018981	3	0.78	0.9	0.8	0.05830951894845302
506	17197096_D011188_x_D018981	4	0.86	0.9	0.9	0.04000000000000001
507	17197096_D011188_x_D018981	5	0.9400000000000001	1.0	0.9	0.024494897427831765
508	17197096_D011188_x_D018981	6	1.0	1.0	1.0	0.0
509	17197096_D011188_x_D018981	7	1.0	1.0	1.0	0.0
510	17197096_D011188_x_D018981	8	1.0	1.0	1.0	0.0
511	17197096_D011188_x_D018981	9	1.0	1.0	1.0	0.0
512	17197096_D011188_x_D018981	10	1.0	1.0	1.0	0.0
513	17197096_D011188_x_D018981	11	1.0	1.0	1.0	0.0
514	17197096_D011188_x_D018981	12	1.0	1.0	1.0	0.0
515	17197096_D011188_x_D018981	13	1.0	1.0	1.0	0.0
516	17197096_D011188_x_D018981	14	1.0	1.0	1.0	0.0
517	17197096_D011188_x_D018981	15	1.0	1.0	1.0	0.0
518	1815166_D019793_x_C536289	1	0.9400000000000001	1.0	1.0	0.03999999999999998
519	1815166_D019793_x_C536289	2	0.9400000000000001	1.0	1.0	0.03999999999999998
520	1815166_D019793_x_C536289	3	1.0	1.0	1.0	0.0
521	1815166_D019793_x_C536289	4	1.0	1.0	1.0	0.0
522	1815166_D019793_x_C536289	5	1.0	1.0	1.0	0.0
523	1815166_D019793_x_C536289	6	1.0	1.0	1.0	0.0
524	1815166_D019793_x_C536289	7	1.0	1.0	1.0	0.0
525	1815166_D019793_x_C536289	8	1.0	1.0	1.0	0.0
526	1815166_D019793_x_C536289	9	1.0	1.0	1.0	0.0
527	1815166_D019793_x_C536289	10	1.0	1.0	1.0	0.0
528	1815166_D019793_x_C536289	11	1.0	1.0	1.0	0.0
529	1815166_D019793_x_C536289	12	1.0	1.0	1.0	0.0
530	1815166_D019793_x_C536289	13	1.0	1.0	1.0	0.0
531	1815166_D019793_x_C536289	14	1.0	1.0	1.0	0.0
532	18175081_8086_x_D030342	1	0.76	0.9	0.7	0.04000000000000001
533	18175081_8086_x_D030342	2	0.72	0.9	0.7	0.05830951894845302
534	18175081_8086_x_D030342	3	0.8800000000000001	1.0	0.9	0.037416573867739396
535	18175081_8086_x_D030342	4	0.9199999999999999	1.0	1.0	0.048989794855663536
536	18175081_8086_x_D030342	5	0.9800000000000001	1.0	1.0	0.019999999999999997
537	18175081_8086_x_D030342	6	0.9400000000000001	1.0	1.0	0.06
538	18175081_8086_x_D030342	7	1.0	1.0	1.0	0.0
539	18175081_8086_x_D030342	8	1.0	1.0	1.0	0.0
540	18175081_8086_x_D030342	9	1.0	1.0	1.0	0.0
541	18175081_8086_x_D030342	10	1.0	1.0	1.0	0.0
542	18175081_8086_x_D030342	11	1.0	1.0	1.0	0.0
543	18175081_8086_x_D030342	12	1.0	1.0	1.0	0.0
544	18175081_8086_x_D030342	13	1.0	1.0	1.0	0.0
545	18175081_8086_x_D030342	14	1.0	1.0	1.0	0.0
546	18628786_8086_x_C562827	1	0.9399999999999998	1.0	1.0	0.03999999999999999
547	18628786_8086_x_C562827	2	0.9400000000000001	1.0	1.0	0.039999999999999994
548	18628786_8086_x_C562827	3	1.0	1.0	1.0	0.0
549	18628786_8086_x_C562827	4	1.0	1.0	1.0	0.0
550	18628786_8086_x_C562827	5	1.0	1.0	1.0	0.0
551	18628786_8086_x_C562827	6	1.0	1.0	1.0	0.0
552	18628786_8086_x_C562827	7	1.0	1.0	1.0	0.0
553	18628786_8086_x_C562827	8	1.0	1.0	1.0	0.0
554	18628786_8086_x_C562827	9	1.0	1.0	1.0	0.0
555	18628786_8086_x_C562827	10	1.0	1.0	1.0	0.0
556	18628786_8086_x_C562827	11	1.0	1.0	1.0	0.0
557	18628786_8086_x_C562827	12	1.0	1.0	1.0	0.0
558	18628786_8086_x_C562827	13	1.0	1.0	1.0	0.0
559	18628786_8086_x_C562827	14	1.0	1.0	1.0	0.0
560	18628786_8086_x_C562827	15	1.0	1.0	1.0	0.0
561	18628786_8086_x_D000309	1	0.9199999999999999	1.0	0.9	0.019999999999999997
562	18628786_8086_x_D000309	2	0.9	1.0	0.9	0.03162277660168379
563	18628786_8086_x_D000309	3	1.0	1.0	1.0	0.0
564	18628786_8086_x_D000309	4	1.0	1.0	1.0	0.0
565	18628786_8086_x_D000309	5	1.0	1.0	1.0	0.0
566	18628786_8086_x_D000309	6	1.0	1.0	1.0	0.0
567	18628786_8086_x_D000309	7	1.0	1.0	1.0	0.0
568	18628786_8086_x_D000309	8	1.0	1.0	1.0	0.0
569	18628786_8086_x_D000309	9	1.0	1.0	1.0	0.0
570	18628786_8086_x_D000309	10	1.0	1.0	1.0	0.0
571	18628786_8086_x_D000309	11	1.0	1.0	1.0	0.0
572	18628786_8086_x_D000309	12	1.0	1.0	1.0	0.0
573	18628786_8086_x_D000309	13	1.0	1.0	1.0	0.0
574	18628786_8086_x_D000309	14	1.0	1.0	1.0	0.0
575	18628786_8086_x_D000309	15	1.0	1.0	1.0	0.0
576	18628786_8086_x_D009422	1	1.0	1.0	1.0	0.0
577	18628786_8086_x_D009422	2	1.0	1.0	1.0	0.0
578	18628786_8086_x_D009422	3	1.0	1.0	1.0	0.0
579	18628786_8086_x_D009422	4	1.0	1.0	1.0	0.0
580	18628786_8086_x_D009422	5	1.0	1.0	1.0	0.0
581	18628786_8086_x_D009422	6	1.0	1.0	1.0	0.0
582	18628786_8086_x_D009422	7	1.0	1.0	1.0	0.0
583	18628786_8086_x_D009422	8	1.0	1.0	1.0	0.0
584	18628786_8086_x_D009422	9	1.0	1.0	1.0	0.0
585	18628786_8086_x_D009422	10	1.0	1.0	1.0	0.0
586	18628786_8086_x_D009422	11	1.0	1.0	1.0	0.0
587	18628786_8086_x_D009422	12	1.0	1.0	1.0	0.0
588	18628786_8086_x_D009422	13	1.0	1.0	1.0	0.0
589	18628786_8086_x_D009422	14	1.0	1.0	1.0	0.0
590	18628786_8086_x_D009422	15	1.0	1.0	1.0	0.0
591	18712764_C057651_x_D018981	1	0.9	1.0	0.9	0.054772255750516606
592	18712764_C057651_x_D018981	2	0.96	1.0	1.0	0.024494897427831785
593	18712764_C057651_x_D018981	3	1.0	1.0	1.0	0.0
594	18712764_C057651_x_D018981	4	1.0	1.0	1.0	0.0
595	18712764_C057651_x_D018981	5	1.0	1.0	1.0	0.0
596	18712764_C057651_x_D018981	6	1.0	1.0	1.0	0.0
597	18712764_C057651_x_D018981	7	1.0	1.0	1.0	0.0
598	18712764_C057651_x_D018981	8	1.0	1.0	1.0	0.0
599	18712764_C057651_x_D018981	9	1.0	1.0	1.0	0.0
600	18712764_C057651_x_D018981	10	1.0	1.0	1.0	0.0
601	18712764_C057651_x_D018981	11	1.0	1.0	1.0	0.0
602	18712764_C057651_x_D018981	12	1.0	1.0	1.0	0.0
603	18712764_C057651_x_D018981	13	1.0	1.0	1.0	0.0
604	18712764_C057651_x_D018981	14	1.0	1.0	1.0	0.0
605	18712764_C057651_x_D018981	15	1.0	1.0	1.0	0.0
606	19011102_D010100_x_D006467	1	0.9400000000000001	1.0	1.0	0.03999999999999999
607	19011102_D010100_x_D006467	2	0.8400000000000001	1.0	0.8	0.050990195135927834
608	19011102_D010100_x_D006467	3	0.8400000000000001	0.9	0.8	0.02449489742783177
609	19011102_D010100_x_D006467	4	1.0	1.0	1.0	0.0
610	19011102_D010100_x_D006467	5	1.0	1.0	1.0	0.0
611	19011102_D010100_x_D006467	6	1.0	1.0	1.0	0.0
612	19011102_D010100_x_D006467	7	1.0	1.0	1.0	0.0
613	19011102_D010100_x_D006467	8	1.0	1.0	1.0	0.0
614	19011102_D010100_x_D006467	9	1.0	1.0	1.0	0.0
615	19011102_D010100_x_D006467	10	1.0	1.0	1.0	0.0
616	19011102_D010100_x_D006467	11	1.0	1.0	1.0	0.0
617	19011102_D010100_x_D006467	12	1.0	1.0	1.0	0.0
618	19011102_D010100_x_D006467	13	1.0	1.0	1.0	0.0
619	19011102_D010100_x_D006467	14	1.0	1.0	1.0	0.0
620	19011102_D010100_x_D006467	15	1.0	1.0	1.0	0.0
621	19078797_8086_x_C566307	1	0.82	1.0	0.9	0.07348469228349533
622	19078797_8086_x_C566307	2	0.82	1.0	0.9	0.07348469228349534
623	19078797_8086_x_C566307	3	0.9400000000000001	1.0	1.0	0.039999999999999994
624	19078797_8086_x_C566307	4	0.9800000000000001	1.0	1.0	0.019999999999999993
625	19078797_8086_x_C566307	5	1.0	1.0	1.0	0.0
626	19078797_8086_x_C566307	6	1.0	1.0	1.0	0.0
627	19078797_8086_x_C566307	7	1.0	1.0	1.0	0.0
628	19078797_8086_x_C566307	8	1.0	1.0	1.0	0.0
629	19078797_8086_x_C566307	9	1.0	1.0	1.0	0.0
630	19078797_8086_x_C566307	10	1.0	1.0	1.0	0.0
631	19078797_8086_x_C566307	11	1.0	1.0	1.0	0.0
632	19078797_8086_x_C566307	12	1.0	1.0	1.0	0.0
633	19078797_8086_x_C566307	13	1.0	1.0	1.0	0.0
634	19078797_8086_x_C566307	14	1.0	1.0	1.0	0.0
635	19078797_8086_x_C566307	15	1.0	1.0	1.0	0.0
636	19101627_D006493_x_D013927	1	0.24000000000000005	0.4	0.2	0.05099019513592785
637	19101627_D006493_x_D013927	2	0.22000000000000006	0.4	0.2	0.05830951894845302
638	19101627_D006493_x_D013927	3	0.20000000000000004	0.2	0.2	0.0
639	19101627_D006493_x_D013927	4	0.21999999999999997	0.6	0.1	0.09695359714832658
640	19101627_D006493_x_D013927	5	0.1	0.1	0.1	0.0
641	19101627_D006493_x_D013927	6	0.18	0.3	0.2	0.03741657386773941
642	19101627_D006493_x_D013927	8	0.125	0.2	0.1	0.025
643	19101627_D006493_x_D013927	9	0.1	0.1	0.1	0.0
644	19146845_D007501_x_D018981	1	0.22000000000000003	0.4	0.2	0.05830951894845301
645	19146845_D007501_x_D018981	2	0.26	0.4	0.2	0.06
646	19146845_D007501_x_D018981	3	0.15000000000000002	0.2	0.15000000000000002	0.05
647	19146845_D007501_x_D018981	4	0.13333333333333333	0.2	0.1	0.03333333333333334
648	19146845_D007501_x_D018981	5	0.175	0.3	0.15000000000000002	0.0478713553878169
649	19146845_D007501_x_D018981	6	0.15000000000000002	0.2	0.15000000000000002	0.049999999999999996
650	19146845_D007501_x_D018981	7	0.1	0.1	0.1	
651	19172511_8086_x_C562827	1	0.9200000000000002	1.0	0.9	0.037416573867739396
652	19172511_8086_x_C562827	2	0.86	1.0	0.8	0.06
653	19172511_8086_x_C562827	3	0.96	1.0	1.0	0.039999999999999994
654	19172511_8086_x_C562827	4	1.0	1.0	1.0	0.0
655	19172511_8086_x_C562827	5	1.0	1.0	1.0	0.0
656	19172511_8086_x_C562827	6	1.0	1.0	1.0	0.0
657	19172511_8086_x_C562827	7	1.0	1.0	1.0	0.0
658	19172511_8086_x_C562827	8	1.0	1.0	1.0	0.0
659	19172511_8086_x_C562827	9	1.0	1.0	1.0	0.0
660	19172511_8086_x_C562827	10	1.0	1.0	1.0	0.0
661	19172511_8086_x_C562827	11	1.0	1.0	1.0	0.0
662	19172511_8086_x_C562827	12	1.0	1.0	1.0	0.0
663	19172511_8086_x_C562827	13	1.0	1.0	1.0	0.0
664	19172511_8086_x_C562827	14	1.0	1.0	1.0	0.0
665	19996411_D019087_x_D010538	1	1.0	1.0	1.0	0.0
666	19996411_D019087_x_D010538	2	1.0	1.0	1.0	0.0
667	19996411_D019087_x_D010538	3	1.0	1.0	1.0	0.0
668	19996411_D019087_x_D010538	4	1.0	1.0	1.0	0.0
669	19996411_D019087_x_D010538	5	1.0	1.0	1.0	0.0
670	19996411_D019087_x_D010538	6	1.0	1.0	1.0	0.0
671	19996411_D019087_x_D010538	7	1.0	1.0	1.0	0.0
672	19996411_D019087_x_D010538	8	1.0	1.0	1.0	0.0
673	19996411_D019087_x_D010538	9	1.0	1.0	1.0	0.0
674	19996411_D019087_x_D010538	10	1.0	1.0	1.0	0.0
675	19996411_D019087_x_D010538	11	1.0	1.0	1.0	0.0
676	19996411_D019087_x_D010538	12	1.0	1.0	1.0	0.0
677	19996411_D019087_x_D010538	13	1.0	1.0	1.0	0.0
678	19996411_D019087_x_D010538	14	1.0	1.0	1.0	0.0
679	19996411_D019087_x_D010538	15	1.0	1.0	1.0	0.0
680	20200814_8086_x_C536008	1	0.5	0.7	0.5	0.07071067811865475
681	20200814_8086_x_C536008	2	0.36	0.5	0.4	0.05099019513592785
682	20200814_8086_x_C536008	3	0.32	0.5	0.3	0.066332495807108
683	20200814_8086_x_C536008	4	0.43999999999999995	0.6	0.5	0.06
684	20200814_8086_x_C536008	5	0.31999999999999995	0.5	0.3	0.04898979485566356
685	20200814_8086_x_C536008	6	0.4	0.6	0.5	0.10488088481701514
686	20200814_8086_x_C536008	7	0.28	0.4	0.2	0.048989794855663564
687	20200814_8086_x_C536008	8	0.325	0.5	0.35	0.08539125638299666
688	20200814_8086_x_C536008	9	0.15	0.3	0.1	0.04999999999999999
689	20200814_8086_x_C536008	10	0.22499999999999998	0.4	0.2	0.07500000000000001
690	20200814_8086_x_C536008	11	0.13333333333333333	0.2	0.1	0.03333333333333334
691	20200814_8086_x_C536008	12	0.125	0.2	0.1	0.025000000000000005
692	20200814_8086_x_C536009	1	1.0	1.0	1.0	0.0
693	20200814_8086_x_C536009	2	1.0	1.0	1.0	0.0
694	20200814_8086_x_C536009	3	1.0	1.0	1.0	0.0
695	20200814_8086_x_C536009	4	1.0	1.0	1.0	0.0
696	20200814_8086_x_C536009	5	1.0	1.0	1.0	0.0
697	20200814_8086_x_C536009	6	1.0	1.0	1.0	0.0
698	20200814_8086_x_C536009	7	1.0	1.0	1.0	0.0
699	20200814_8086_x_C536009	8	1.0	1.0	1.0	0.0
700	20200814_8086_x_C536009	9	1.0	1.0	1.0	0.0
701	20200814_8086_x_C536009	10	1.0	1.0	1.0	0.0
702	20200814_8086_x_C536009	11	1.0	1.0	1.0	0.0
703	20200814_8086_x_C536009	12	1.0	1.0	1.0	0.0
704	20200814_8086_x_C536009	13	1.0	1.0	1.0	0.0
705	20200814_8086_x_C536009	14	1.0	1.0	1.0	0.0
706	20200814_8086_x_C536009	15	1.0	1.0	1.0	0.0
707	20447614_4072_x_C567703	1	0.8400000000000001	0.9	0.8	0.024494897427831775
708	20447614_4072_x_C567703	2	0.8400000000000001	0.9	0.9	0.06
709	20447614_4072_x_C567703	3	1.0	1.0	1.0	0.0
710	20447614_4072_x_C567703	4	1.0	1.0	1.0	0.0
711	20447614_4072_x_C567703	5	1.0	1.0	1.0	0.0
712	20447614_4072_x_C567703	6	1.0	1.0	1.0	0.0
713	20447614_4072_x_C567703	7	1.0	1.0	1.0	0.0
714	20447614_4072_x_C567703	8	1.0	1.0	1.0	0.0
715	20447614_4072_x_C567703	9	1.0	1.0	1.0	0.0
716	20447614_4072_x_C567703	10	1.0	1.0	1.0	0.0
717	20447614_4072_x_C567703	11	1.0	1.0	1.0	0.0
718	20447614_4072_x_C567703	12	1.0	1.0	1.0	0.0
719	20447614_4072_x_C567703	13	1.0	1.0	1.0	0.0
720	20447614_4072_x_C567703	14	1.0	1.0	1.0	0.0
721	20447614_4072_x_C567703	15	1.0	1.0	1.0	0.0
722	20447614_4072_x_D002386	1	0.38	0.7	0.3	0.08602325267042625
723	20447614_4072_x_D002386	2	0.42000000000000004	0.7	0.3	0.08
724	20447614_4072_x_D002386	3	0.4	0.6	0.4	0.07071067811865475
725	20447614_4072_x_D002386	4	0.38	0.6	0.3	0.058309518948452994
726	20447614_4072_x_D002386	5	0.31999999999999995	0.7	0.2	0.09695359714832656
727	20447614_4072_x_D002386	6	0.275	0.4	0.25	0.04787135538781691
728	20447614_4072_x_D002386	7	0.24	0.4	0.2	0.06782329983125268
729	20447614_4072_x_D002386	8	0.30000000000000004	0.4	0.3	0.057735026918962574
730	20447614_4072_x_D002386	9	0.22500000000000003	0.3	0.25	0.047871355387816894
731	20447614_4072_x_D002386	10	0.19999999999999998	0.3	0.2	0.0408248290463863
732	20447614_4072_x_D002386	11	0.10000000000000002	0.1	0.1	0.0
733	20447614_4072_x_D002386	12	0.12	0.2	0.1	0.02
734	20499090_8086_x_C536008	1	0.9199999999999999	1.0	0.9	0.020000000000000004
735	20499090_8086_x_C536008	2	0.9400000000000001	1.0	0.9	0.024494897427831765
736	20499090_8086_x_C536008	3	1.0	1.0	1.0	0.0
737	20499090_8086_x_C536008	4	1.0	1.0	1.0	0.0
738	20499090_8086_x_C536008	5	1.0	1.0	1.0	0.0
739	20499090_8086_x_C536008	6	1.0	1.0	1.0	0.0
740	20499090_8086_x_C536008	7	1.0	1.0	1.0	0.0
741	20499090_8086_x_C536008	8	1.0	1.0	1.0	0.0
742	20499090_8086_x_C536008	9	1.0	1.0	1.0	0.0
743	20499090_8086_x_C536008	10	1.0	1.0	1.0	0.0
744	20499090_8086_x_C536008	11	1.0	1.0	1.0	0.0
745	20499090_8086_x_C536008	12	1.0	1.0	1.0	0.0
746	20499090_8086_x_C536008	13	1.0	1.0	1.0	0.0
747	20499090_8086_x_C536008	14	1.0	1.0	1.0	0.0
748	20499090_8086_x_C536008	15	1.0	1.0	1.0	0.0
749	20931227_8086_x_C535883	1	0.9	1.0	0.9	0.03162277660168379
750	20931227_8086_x_C535883	2	0.7399999999999999	0.8	0.8	0.04000000000000003
751	20931227_8086_x_C535883	3	0.9399999999999998	1.0	0.9	0.02449489742783176
752	20931227_8086_x_C535883	4	0.9400000000000001	1.0	1.0	0.03999999999999999
753	20931227_8086_x_C535883	5	1.0	1.0	1.0	0.0
754	20931227_8086_x_C535883	6	1.0	1.0	1.0	0.0
755	20931227_8086_x_C535883	7	1.0	1.0	1.0	0.0
756	20931227_8086_x_C535883	8	1.0	1.0	1.0	0.0
757	20931227_8086_x_C535883	9	1.0	1.0	1.0	0.0
758	20931227_8086_x_C535883	10	1.0	1.0	1.0	0.0
759	20931227_8086_x_C535883	11	1.0	1.0	1.0	0.0
760	20931227_8086_x_C535883	12	1.0	1.0	1.0	0.0
761	20931227_8086_x_C535883	13	1.0	1.0	1.0	0.0
762	20931227_8086_x_C535883	14	1.0	1.0	1.0	0.0
763	20931227_8086_x_C535883	15	1.0	1.0	1.0	0.0
764	20965426_D010100_x_D057165	1	0.9399999999999998	1.0	1.0	0.03999999999999999
765	20965426_D010100_x_D057165	2	0.9400000000000001	1.0	0.9	0.02449489742783176
766	20965426_D010100_x_D057165	3	1.0	1.0	1.0	0.0
767	20965426_D010100_x_D057165	4	1.0	1.0	1.0	0.0
768	20965426_D010100_x_D057165	5	1.0	1.0	1.0	0.0
769	20965426_D010100_x_D057165	6	1.0	1.0	1.0	0.0
770	20965426_D010100_x_D057165	7	1.0	1.0	1.0	0.0
771	20965426_D010100_x_D057165	8	1.0	1.0	1.0	0.0
772	20965426_D010100_x_D057165	9	1.0	1.0	1.0	0.0
773	20965426_D010100_x_D057165	10	1.0	1.0	1.0	0.0
774	20965426_D010100_x_D057165	11	1.0	1.0	1.0	0.0
775	20965426_D010100_x_D057165	12	1.0	1.0	1.0	0.0
776	20965426_D010100_x_D057165	13	1.0	1.0	1.0	0.0
777	20965426_D010100_x_D057165	14	1.0	1.0	1.0	0.0
778	20965426_D010100_x_D057165	15	1.0	1.0	1.0	0.0
779	21029306_C084077_x_D003920	1	0.8400000000000001	1.0	0.9	0.06000000000000001
780	21029306_C084077_x_D003920	2	0.86	1.0	0.8	0.03999999999999998
781	21029306_C084077_x_D003920	3	1.0	1.0	1.0	0.0
782	21029306_C084077_x_D003920	4	1.0	1.0	1.0	0.0
783	21029306_C084077_x_D003920	5	1.0	1.0	1.0	0.0
784	21029306_C084077_x_D003920	6	1.0	1.0	1.0	0.0
785	21029306_C084077_x_D003920	7	1.0	1.0	1.0	0.0
786	21029306_C084077_x_D003920	8	1.0	1.0	1.0	0.0
787	21029306_C084077_x_D003920	9	1.0	1.0	1.0	0.0
788	21029306_C084077_x_D003920	10	1.0	1.0	1.0	0.0
789	21029306_C084077_x_D003920	11	1.0	1.0	1.0	0.0
790	21029306_C084077_x_D003920	12	1.0	1.0	1.0	0.0
791	21029306_C084077_x_D003920	13	1.0	1.0	1.0	0.0
792	21029306_C084077_x_D003920	14	1.0	1.0	1.0	0.0
793	21029306_C084077_x_D003920	15	1.0	1.0	1.0	0.0
794	21494549_D019289_x_D003920	1	0.24	0.6	0.2	0.09273618495495703
795	21494549_D019289_x_D003920	2	0.15	0.2	0.15000000000000002	0.028867513459481294
796	21494549_D019289_x_D003920	3	0.3	0.3	0.3	
797	21494549_D019289_x_D003920	4	0.1	0.1	0.1	0.0
798	21494549_D019289_x_D003920	5	0.19999999999999998	0.3	0.2	0.057735026918962574
799	21498622_D010100_x_None	1	1.0	1.0	1.0	0.0
800	21498622_D010100_x_None	2	1.0	1.0	1.0	0.0
801	21498622_D010100_x_None	3	1.0	1.0	1.0	0.0
802	21498622_D010100_x_None	4	1.0	1.0	1.0	0.0
803	21498622_D010100_x_None	5	1.0	1.0	1.0	0.0
804	21498622_D010100_x_None	6	1.0	1.0	1.0	0.0
805	21498622_D010100_x_None	7	1.0	1.0	1.0	0.0
806	21498622_D010100_x_None	8	1.0	1.0	1.0	0.0
807	21498622_D010100_x_None	9	1.0	1.0	1.0	0.0
808	21498622_D010100_x_None	10	1.0	1.0	1.0	0.0
809	21498622_D010100_x_None	11	1.0	1.0	1.0	0.0
810	21498622_D010100_x_None	12	1.0	1.0	1.0	0.0
811	21498622_D010100_x_None	13	1.0	1.0	1.0	0.0
812	21498622_D010100_x_None	14	1.0	1.0	1.0	0.0
813	21498622_D010100_x_None	15	1.0	1.0	1.0	0.0
814	21565631_8086_x_C536009	1	1.0	1.0	1.0	0.0
815	21565631_8086_x_C536009	2	1.0	1.0	1.0	0.0
816	21565631_8086_x_C536009	3	1.0	1.0	1.0	0.0
817	21565631_8086_x_C536009	4	1.0	1.0	1.0	0.0
818	21565631_8086_x_C536009	5	1.0	1.0	1.0	0.0
819	21565631_8086_x_C536009	6	1.0	1.0	1.0	0.0
820	21565631_8086_x_C536009	7	1.0	1.0	1.0	0.0
821	21565631_8086_x_C536009	8	1.0	1.0	1.0	0.0
822	21565631_8086_x_C536009	9	1.0	1.0	1.0	0.0
823	21565631_8086_x_C536009	10	1.0	1.0	1.0	0.0
824	21565631_8086_x_C536009	11	1.0	1.0	1.0	0.0
825	21565631_8086_x_C536009	12	1.0	1.0	1.0	0.0
826	21565631_8086_x_C536009	13	1.0	1.0	1.0	0.0
827	21565631_8086_x_D030342	1	0.8800000000000001	1.0	0.9	0.037416573867739396
828	21565631_8086_x_D030342	2	0.78	1.0	0.9	0.09695359714832659
829	21565631_8086_x_D030342	3	0.82	1.0	0.8	0.05830951894845301
830	21565631_8086_x_D030342	4	0.9399999999999998	1.0	0.9	0.024494897427831775
831	21565631_8086_x_D030342	5	0.9400000000000001	1.0	1.0	0.03999999999999998
832	21565631_8086_x_D030342	6	1.0	1.0	1.0	0.0
833	21565631_8086_x_D030342	7	1.0	1.0	1.0	0.0
834	21565631_8086_x_D030342	8	1.0	1.0	1.0	0.0
835	21565631_8086_x_D030342	9	1.0	1.0	1.0	0.0
836	21565631_8086_x_D030342	10	1.0	1.0	1.0	0.0
837	21565631_8086_x_D030342	11	1.0	1.0	1.0	0.0
838	21565631_8086_x_D030342	12	1.0	1.0	1.0	0.0
839	21565631_8086_x_D030342	13	1.0	1.0	1.0	0.0
840	21565631_8086_x_D030342	14	1.0	1.0	1.0	0.0
841	21626165_8086_x_D012021	1	0.26	0.4	0.2	0.04
842	21626165_8086_x_D012021	2	0.2	0.3	0.2	0.04472135954999579
843	21626165_8086_x_D012021	3	0.3	0.5	0.3	0.07071067811865475
844	21626165_8086_x_D012021	4	0.275	0.4	0.25	0.04787135538781691
845	21626165_8086_x_D012021	5	0.36	0.7	0.4	0.10295630140987
846	21626165_8086_x_D012021	6	0.27999999999999997	0.4	0.3	0.03741657386773941
847	21626165_8086_x_D012021	7	0.27999999999999997	0.4	0.2	0.048989794855663564
848	21626165_8086_x_D012021	8	0.27999999999999997	0.4	0.3	0.05830951894845301
849	21626165_8086_x_D012021	9	0.14	0.2	0.1	0.024494897427831782
850	21626165_8086_x_D012021	10	0.19999999999999998	0.3	0.2	0.0408248290463863
851	21626165_8086_x_D012021	11	0.13333333333333333	0.2	0.1	0.03333333333333334
852	21626165_8086_x_D012021	12	0.1	0.1	0.1	0.0
853	21656342_8086_x_C536009	1	1.0	1.0	1.0	0.0
854	21656342_8086_x_C536009	2	1.0	1.0	1.0	0.0
855	21656342_8086_x_C536009	3	1.0	1.0	1.0	0.0
856	21656342_8086_x_C536009	4	1.0	1.0	1.0	0.0
857	21656342_8086_x_C536009	5	1.0	1.0	1.0	0.0
858	21656342_8086_x_C536009	6	1.0	1.0	1.0	0.0
859	21656342_8086_x_C536009	7	1.0	1.0	1.0	0.0
860	21656342_8086_x_C536009	8	1.0	1.0	1.0	0.0
861	21656342_8086_x_C536009	9	1.0	1.0	1.0	0.0
862	21656342_8086_x_C536009	10	1.0	1.0	1.0	0.0
863	21656342_8086_x_C536009	11	1.0	1.0	1.0	0.0
864	21656342_8086_x_C536009	12	1.0	1.0	1.0	0.0
865	21656342_8086_x_C536009	13	1.0	1.0	1.0	0.0
866	21656342_8086_x_C536009	14	1.0	1.0	1.0	0.0
867	21656342_8086_x_C536009	15	1.0	1.0	1.0	0.0
868	21656342_8086_x_C562827	1	0.9200000000000002	1.0	0.9	0.03741657386773941
869	21656342_8086_x_C562827	2	0.9800000000000001	1.0	1.0	0.020000000000000004
870	21656342_8086_x_C562827	3	1.0	1.0	1.0	0.0
871	21656342_8086_x_C562827	4	1.0	1.0	1.0	0.0
872	21656342_8086_x_C562827	5	1.0	1.0	1.0	0.0
873	21656342_8086_x_C562827	6	1.0	1.0	1.0	0.0
874	21656342_8086_x_C562827	7	1.0	1.0	1.0	0.0
875	21656342_8086_x_C562827	8	1.0	1.0	1.0	0.0
876	21656342_8086_x_C562827	9	1.0	1.0	1.0	0.0
877	21656342_8086_x_C562827	10	1.0	1.0	1.0	0.0
878	21656342_8086_x_C562827	11	1.0	1.0	1.0	0.0
879	21656342_8086_x_C562827	12	1.0	1.0	1.0	0.0
880	21656342_8086_x_C562827	13	1.0	1.0	1.0	0.0
881	21656342_8086_x_C562827	14	1.0	1.0	1.0	0.0
882	21656342_8086_x_C562827	15	1.0	1.0	1.0	0.0
883	21656342_8086_x_D012816	1	0.64	0.8	0.7	0.06
884	21656342_8086_x_D012816	2	0.6200000000000001	0.8	0.7	0.07348469228349533
885	21656342_8086_x_D012816	3	0.7	0.8	0.7	0.04472135954999581
886	21656342_8086_x_D012816	4	0.8	1.0	0.9	0.08944271909999157
887	21656342_8086_x_D012816	5	0.86	1.0	0.9	0.06782329983125268
888	21656342_8086_x_D012816	6	0.8	0.9	0.8	0.031622776601683805
889	21656342_8086_x_D012816	7	0.8800000000000001	0.9	0.9	0.019999999999999993
890	21656342_8086_x_D012816	8	0.86	1.0	0.9	0.05099019513592784
891	21656342_8086_x_D012816	9	0.9400000000000001	1.0	0.9	0.02449489742783177
892	21656342_8086_x_D012816	10	0.9	1.0	0.9	0.04472135954999578
893	21656342_8086_x_D012816	11	1.0	1.0	1.0	0.0
894	21656342_8086_x_D012816	12	1.0	1.0	1.0	0.0
895	21656342_8086_x_D012816	13	1.0	1.0	1.0	0.0
896	21656342_8086_x_D012816	14	1.0	1.0	1.0	0.0
897	21656342_8086_x_D012816	15	1.0	1.0	1.0	0.0
898	21656342_8086_x_D054969	1	0.9199999999999999	1.0	0.9	0.01999999999999999
899	21656342_8086_x_D054969	2	0.9400000000000001	1.0	1.0	0.039999999999999994
900	21656342_8086_x_D054969	3	0.9800000000000001	1.0	1.0	0.020000000000000004
901	21656342_8086_x_D054969	4	1.0	1.0	1.0	0.0
902	21656342_8086_x_D054969	5	1.0	1.0	1.0	0.0
903	21656342_8086_x_D054969	6	1.0	1.0	1.0	0.0
904	21656342_8086_x_D054969	7	1.0	1.0	1.0	0.0
905	21656342_8086_x_D054969	8	1.0	1.0	1.0	0.0
906	21656342_8086_x_D054969	9	1.0	1.0	1.0	0.0
907	21656342_8086_x_D054969	10	1.0	1.0	1.0	0.0
908	21656342_8086_x_D054969	11	1.0	1.0	1.0	0.0
909	21656342_8086_x_D054969	12	1.0	1.0	1.0	0.0
910	21656342_8086_x_D054969	13	1.0	1.0	1.0	0.0
911	21656342_8086_x_D054969	14	1.0	1.0	1.0	0.0
912	21656342_8086_x_D054969	15	1.0	1.0	1.0	0.0
913	21686524_8086_x_C562827	1	0.86	1.0	0.8	0.06
914	21686524_8086_x_C562827	2	0.9200000000000002	1.0	0.9	0.019999999999999993
915	21686524_8086_x_C562827	3	1.0	1.0	1.0	0.0
916	21686524_8086_x_C562827	4	1.0	1.0	1.0	0.0
917	21686524_8086_x_C562827	5	1.0	1.0	1.0	0.0
918	21686524_8086_x_C562827	6	1.0	1.0	1.0	0.0
919	21686524_8086_x_C562827	7	1.0	1.0	1.0	0.0
920	21686524_8086_x_C562827	8	1.0	1.0	1.0	0.0
921	21686524_8086_x_C562827	9	1.0	1.0	1.0	0.0
922	21686524_8086_x_C562827	10	1.0	1.0	1.0	0.0
923	21686524_8086_x_C562827	11	1.0	1.0	1.0	0.0
924	21686524_8086_x_C562827	12	1.0	1.0	1.0	0.0
925	21686524_8086_x_C562827	13	1.0	1.0	1.0	0.0
926	21686524_8086_x_C562827	14	1.0	1.0	1.0	0.0
927	21686524_8086_x_C562827	15	1.0	1.0	1.0	0.0
928	21686524_8086_x_D000224	1	0.10000000000000002	0.1	0.1	0.0
929	21686524_8086_x_D000224	2	0.13333333333333333	0.2	0.1	0.03333333333333334
930	21737679_D005947_x_D007239	1	0.64	0.8	0.7	0.0812403840463596
931	21737679_D005947_x_D007239	2	0.6399999999999999	0.8	0.6	0.05099019513592784
932	21737679_D005947_x_D007239	3	0.72	0.9	0.8	0.09165151389911678
933	21737679_D005947_x_D007239	4	0.7999999999999999	0.9	0.8	0.0316227766016838
934	21737679_D005947_x_D007239	5	0.78	1.0	0.7	0.0916515138991168
935	21737679_D005947_x_D007239	6	0.8800000000000001	1.0	0.9	0.048989794855663564
936	21737679_D005947_x_D007239	7	0.9199999999999999	1.0	0.9	0.03741657386773939
937	21737679_D005947_x_D007239	8	1.0	1.0	1.0	0.0
938	21737679_D005947_x_D007239	9	0.9400000000000001	1.0	1.0	0.039999999999999994
939	21737679_D005947_x_D007239	10	1.0	1.0	1.0	0.0
940	21737679_D005947_x_D007239	11	1.0	1.0	1.0	0.0
941	21737679_D005947_x_D007239	12	1.0	1.0	1.0	0.0
942	21737679_D005947_x_D007239	13	1.0	1.0	1.0	0.0
943	21737679_D005947_x_D007239	14	1.0	1.0	1.0	0.0
944	21737679_D005947_x_D007239	15	1.0	1.0	1.0	0.0
945	22000320_8086_x_D000310	1	0.2	0.2	0.2	
946	22000320_8086_x_D000310	2	0.20000000000000004	0.3	0.2	0.05773502691896257
947	22000320_8086_x_D004931	1	1.0	1.0	1.0	0.0
948	22000320_8086_x_D004931	2	1.0	1.0	1.0	0.0
949	22000320_8086_x_D004931	3	1.0	1.0	1.0	0.0
950	22000320_8086_x_D004931	4	1.0	1.0	1.0	0.0
951	22000320_8086_x_D004931	5	1.0	1.0	1.0	0.0
952	22000320_8086_x_D004931	6	1.0	1.0	1.0	0.0
953	22000320_8086_x_D004931	7	1.0	1.0	1.0	0.0
954	22000320_8086_x_D004931	8	1.0	1.0	1.0	0.0
955	22000320_8086_x_D004931	9	1.0	1.0	1.0	0.0
956	22000320_8086_x_D004931	10	1.0	1.0	1.0	0.0
957	22000320_8086_x_D004931	11	1.0	1.0	1.0	0.0
958	22000320_8086_x_D004931	12	1.0	1.0	1.0	0.0
959	22000320_8086_x_D004931	13	1.0	1.0	1.0	0.0
960	22000320_8086_x_D004931	14	1.0	1.0	1.0	0.0
961	22000320_8086_x_D004931	15	1.0	1.0	1.0	0.0
962	22584989_8086_x_C536009	1	0.8400000000000001	1.0	0.8	0.050990195135927834
963	22584989_8086_x_C536009	2	0.74	0.9	0.8	0.06782329983125268
964	22584989_8086_x_C536009	3	0.9199999999999999	1.0	0.9	0.019999999999999997
965	22584989_8086_x_C536009	4	0.9400000000000001	1.0	0.9	0.024494897427831765
966	22584989_8086_x_C536009	5	1.0	1.0	1.0	0.0
967	22584989_8086_x_C536009	6	0.9800000000000001	1.0	1.0	0.019999999999999993
968	22584989_8086_x_C536009	7	1.0	1.0	1.0	0.0
969	22584989_8086_x_C536009	8	1.0	1.0	1.0	0.0
970	22584989_8086_x_C536009	9	1.0	1.0	1.0	0.0
971	22584989_8086_x_C536009	10	1.0	1.0	1.0	0.0
972	22584989_8086_x_C536009	11	1.0	1.0	1.0	0.0
973	22584989_8086_x_C536009	12	1.0	1.0	1.0	0.0
974	22584989_8086_x_C536009	13	1.0	1.0	1.0	0.0
975	22584989_8086_x_C536009	14	1.0	1.0	1.0	0.0
976	22584989_8086_x_D004931	1	0.6199999999999999	0.8	0.7	0.09165151389911681
977	22584989_8086_x_D004931	2	0.6799999999999999	0.8	0.6	0.04898979485566358
978	22584989_8086_x_D004931	3	0.8400000000000001	1.0	0.8	0.05099019513592785
979	22584989_8086_x_D004931	4	0.76	0.9	0.7	0.06000000000000001
980	22584989_8086_x_D004931	5	0.8	0.9	0.8	0.04472135954999582
981	22584989_8086_x_D004931	6	0.9	1.0	0.9	0.031622776601683784
982	22584989_8086_x_D004931	7	0.9800000000000001	1.0	1.0	0.019999999999999993
983	22584989_8086_x_D004931	8	1.0	1.0	1.0	0.0
984	22584989_8086_x_D004931	9	1.0	1.0	1.0	0.0
985	22584989_8086_x_D004931	10	1.0	1.0	1.0	0.0
986	22584989_8086_x_D004931	11	1.0	1.0	1.0	0.0
987	22584989_8086_x_D004931	12	1.0	1.0	1.0	0.0
988	22584989_8086_x_D004931	13	1.0	1.0	1.0	0.0
989	22584989_8086_x_D004931	14	1.0	1.0	1.0	0.0
990	22584989_8086_x_D006471	1	0.375	0.5	0.35	0.04787135538781691
991	22584989_8086_x_D006471	2	0.27999999999999997	0.4	0.3	0.0374165738677394
992	22584989_8086_x_D006471	3	0.20000000000000004	0.2	0.2	0.0
993	22584989_8086_x_D006471	4	0.3	0.4	0.3	0.044721359549995794
994	22584989_8086_x_D006471	5	0.225	0.3	0.25	0.0478713553878169
995	22584989_8086_x_D006471	6	0.2	0.4	0.1	0.06324555320336758
996	22584989_8086_x_D006471	7	0.175	0.2	0.2	0.025
997	22584989_8086_x_D006471	8	0.17500000000000002	0.3	0.15000000000000002	0.047871355387816894
998	22584989_8086_x_D006471	9	0.19999999999999998	0.3	0.2	0.0408248290463863
999	22584989_8086_x_D006471	10	0.20000000000000004	0.3	0.2	0.05773502691896257
1000	22584989_8086_x_D006471	11	0.125	0.2	0.1	0.02500000000000001
1001	22584989_8086_x_D006471	12	0.15	0.2	0.15000000000000002	0.028867513459481294
1002	22781125_C457213_x_C535436	1	0.8200000000000001	0.9	0.8	0.03741657386773943
1003	22781125_C457213_x_C535436	2	0.9199999999999999	1.0	0.9	0.020000000000000004
1004	22781125_C457213_x_C535436	3	0.9800000000000001	1.0	1.0	0.019999999999999993
1005	22781125_C457213_x_C535436	4	1.0	1.0	1.0	0.0
1006	22781125_C457213_x_C535436	5	1.0	1.0	1.0	0.0
1007	22781125_C457213_x_C535436	6	1.0	1.0	1.0	0.0
1008	22781125_C457213_x_C535436	7	1.0	1.0	1.0	0.0
1009	22781125_C457213_x_C535436	8	1.0	1.0	1.0	0.0
1010	22781125_C457213_x_C535436	9	1.0	1.0	1.0	0.0
1011	22781125_C457213_x_C535436	10	1.0	1.0	1.0	0.0
1012	22781125_C457213_x_C535436	11	1.0	1.0	1.0	0.0
1013	22781125_C457213_x_C535436	12	1.0	1.0	1.0	0.0
1014	22781125_C457213_x_C535436	13	1.0	1.0	1.0	0.0
1015	22781125_C457213_x_C535436	14	1.0	1.0	1.0	0.0
1016	22781125_C457213_x_C535436	15	1.0	1.0	1.0	0.0
1017	22827796_D002241_x_D018981	1	0.6799999999999999	0.9	0.7	0.066332495807108
1018	22827796_D002241_x_D018981	2	0.6599999999999999	0.8	0.7	0.07483314773547883
1019	22827796_D002241_x_D018981	3	0.74	1.0	0.7	0.0678232998312527
1020	22827796_D002241_x_D018981	4	0.72	0.9	0.7	0.05830951894845302
1021	22827796_D002241_x_D018981	5	0.8800000000000001	1.0	0.9	0.05830951894845301
1022	22827796_D002241_x_D018981	6	0.9800000000000001	1.0	1.0	0.019999999999999997
1023	22827796_D002241_x_D018981	7	0.96	1.0	1.0	0.024494897427831785
1024	22827796_D002241_x_D018981	8	1.0	1.0	1.0	0.0
1025	22827796_D002241_x_D018981	9	1.0	1.0	1.0	0.0
1026	22827796_D002241_x_D018981	10	1.0	1.0	1.0	0.0
1027	22827796_D002241_x_D018981	11	1.0	1.0	1.0	0.0
1028	22827796_D002241_x_D018981	12	1.0	1.0	1.0	0.0
1029	22827796_D002241_x_D018981	13	1.0	1.0	1.0	0.0
1030	22827796_D002241_x_D018981	14	1.0	1.0	1.0	0.0
1031	22827796_D002241_x_D018981	15	1.0	1.0	1.0	0.0
1032	22991164_C057651_x_None	1	0.9	1.0	0.9	0.04472135954999579
1033	22991164_C057651_x_None	2	0.96	1.0	1.0	0.024494897427831782
1034	22991164_C057651_x_None	3	1.0	1.0	1.0	0.0
1035	22991164_C057651_x_None	4	1.0	1.0	1.0	0.0
1036	22991164_C057651_x_None	5	1.0	1.0	1.0	0.0
1037	22991164_C057651_x_None	6	1.0	1.0	1.0	0.0
1038	22991164_C057651_x_None	7	1.0	1.0	1.0	0.0
1039	22991164_C057651_x_None	8	1.0	1.0	1.0	0.0
1040	22991164_C057651_x_None	9	1.0	1.0	1.0	0.0
1041	22991164_C057651_x_None	10	1.0	1.0	1.0	0.0
1042	22991164_C057651_x_None	11	1.0	1.0	1.0	0.0
1043	22991164_C057651_x_None	12	1.0	1.0	1.0	0.0
1044	22991164_C057651_x_None	13	1.0	1.0	1.0	0.0
1045	22991164_C057651_x_None	14	1.0	1.0	1.0	0.0
1046	22991164_C057651_x_None	15	1.0	1.0	1.0	0.0
1047	23012188_D003348_x_C536008	1	0.9199999999999999	1.0	0.9	0.037416573867739396
1048	23012188_D003348_x_C536008	2	0.96	1.0	1.0	0.024494897427831768
1049	23012188_D003348_x_C536008	3	1.0	1.0	1.0	0.0
1050	23012188_D003348_x_C536008	4	1.0	1.0	1.0	0.0
1051	23012188_D003348_x_C536008	5	1.0	1.0	1.0	0.0
1052	23012188_D003348_x_C536008	6	1.0	1.0	1.0	0.0
1053	23012188_D003348_x_C536008	7	1.0	1.0	1.0	0.0
1054	23012188_D003348_x_C536008	8	1.0	1.0	1.0	0.0
1055	23012188_D003348_x_C536008	9	1.0	1.0	1.0	0.0
1056	23012188_D003348_x_C536008	10	1.0	1.0	1.0	0.0
1057	23012188_D003348_x_C536008	11	1.0	1.0	1.0	0.0
1058	23012188_D003348_x_C536008	12	1.0	1.0	1.0	0.0
1059	23012188_D003348_x_C536008	13	1.0	1.0	1.0	0.0
1060	23012188_D003348_x_C536008	14	1.0	1.0	1.0	0.0
1061	23012188_D003348_x_C536008	15	1.0	1.0	1.0	0.0
1062	23012188_D003348_x_D003680	1	0.66	0.8	0.7	0.07483314773547882
1063	23012188_D003348_x_D003680	2	0.7	0.8	0.7	0.05477225575051662
1064	23012188_D003348_x_D003680	3	0.82	1.0	0.8	0.048989794855663564
1065	23012188_D003348_x_D003680	4	0.72	0.9	0.7	0.066332495807108
1066	23012188_D003348_x_D003680	5	0.8800000000000001	1.0	0.9	0.0374165738677394
1067	23012188_D003348_x_D003680	6	0.9	1.0	0.9	0.03162277660168378
1068	23012188_D003348_x_D003680	7	1.0	1.0	1.0	0.0
1069	23012188_D003348_x_D003680	8	0.96	1.0	1.0	0.02449489742783178
1070	23012188_D003348_x_D003680	9	0.9800000000000001	1.0	1.0	0.019999999999999997
1071	23012188_D003348_x_D003680	10	1.0	1.0	1.0	0.0
1072	23012188_D003348_x_D003680	11	1.0	1.0	1.0	0.0
1073	23012188_D003348_x_D003680	12	1.0	1.0	1.0	0.0
1074	23012188_D003348_x_D003680	13	1.0	1.0	1.0	0.0
1075	23012188_D003348_x_D003680	14	1.0	1.0	1.0	0.0
1076	23012188_D003348_x_D003680	15	1.0	1.0	1.0	0.0
1077	23056690_8086_x_C536009	1	1.0	1.0	1.0	0.0
1078	23056690_8086_x_C536009	2	1.0	1.0	1.0	0.0
1079	23056690_8086_x_C536009	3	1.0	1.0	1.0	0.0
1080	23056690_8086_x_C536009	4	1.0	1.0	1.0	0.0
1081	23056690_8086_x_C536009	5	1.0	1.0	1.0	0.0
1082	23056690_8086_x_C536009	6	1.0	1.0	1.0	0.0
1083	23056690_8086_x_C536009	7	1.0	1.0	1.0	0.0
1084	23056690_8086_x_C536009	8	1.0	1.0	1.0	0.0
1085	23056690_8086_x_C536009	9	1.0	1.0	1.0	0.0
1086	23056690_8086_x_C536009	10	1.0	1.0	1.0	0.0
1087	23056690_8086_x_C536009	11	1.0	1.0	1.0	0.0
1088	23056690_8086_x_C536009	12	1.0	1.0	1.0	0.0
1089	23056690_8086_x_C536009	13	1.0	1.0	1.0	0.0
1090	23056690_8086_x_C536009	14	1.0	1.0	1.0	0.0
1091	23056690_8086_x_C536009	15	1.0	1.0	1.0	0.0
1092	23056690_8086_x_C562827	1	0.9	1.0	0.9	0.031622776601683784
1093	23056690_8086_x_C562827	2	0.96	1.0	1.0	0.024494897427831765
1094	23056690_8086_x_C562827	3	1.0	1.0	1.0	0.0
1095	23056690_8086_x_C562827	4	1.0	1.0	1.0	0.0
1096	23056690_8086_x_C562827	5	1.0	1.0	1.0	0.0
1097	23056690_8086_x_C562827	6	1.0	1.0	1.0	0.0
1098	23056690_8086_x_C562827	7	1.0	1.0	1.0	0.0
1099	23056690_8086_x_C562827	8	1.0	1.0	1.0	0.0
1100	23056690_8086_x_C562827	9	1.0	1.0	1.0	0.0
1101	23056690_8086_x_C562827	10	1.0	1.0	1.0	0.0
1102	23056690_8086_x_C562827	11	1.0	1.0	1.0	0.0
1103	23056690_8086_x_C562827	12	1.0	1.0	1.0	0.0
1104	23056690_8086_x_C562827	13	1.0	1.0	1.0	0.0
1105	23056690_8086_x_C562827	14	1.0	1.0	1.0	0.0
1106	23056690_8086_x_C562827	15	1.0	1.0	1.0	0.0
1107	23077033_D010100_x_D009410	1	0.68	0.7	0.7	0.019999999999999997
1108	23077033_D010100_x_D009410	2	0.82	1.0	0.9	0.07348469228349537
1109	23077033_D010100_x_D009410	3	0.9800000000000001	1.0	1.0	0.019999999999999997
1110	23077033_D010100_x_D009410	4	0.9400000000000001	1.0	1.0	0.03999999999999999
1111	23077033_D010100_x_D009410	5	1.0	1.0	1.0	0.0
1112	23077033_D010100_x_D009410	6	1.0	1.0	1.0	0.0
1113	23077033_D010100_x_D009410	7	1.0	1.0	1.0	0.0
1114	23077033_D010100_x_D009410	8	1.0	1.0	1.0	0.0
1115	23077033_D010100_x_D009410	9	1.0	1.0	1.0	0.0
1116	23077033_D010100_x_D009410	10	1.0	1.0	1.0	0.0
1117	23077033_D010100_x_D009410	11	1.0	1.0	1.0	0.0
1118	23077033_D010100_x_D009410	12	1.0	1.0	1.0	0.0
1119	23077033_D010100_x_D009410	13	1.0	1.0	1.0	0.0
1120	23077033_D010100_x_D009410	14	1.0	1.0	1.0	0.0
1121	23077033_D010100_x_D009410	15	1.0	1.0	1.0	0.0
1122	23139742_D004967_x_D004715	1	0.12	0.2	0.1	0.020000000000000004
1123	23139742_D004967_x_D004715	2	0.1	0.1	0.1	0.0
1124	23139742_D004967_x_D004715	3	0.2	0.3	0.2	0.09999999999999999
1125	23139742_D004967_x_D004715	4	0.15000000000000002	0.2	0.15000000000000002	0.05
1126	23139742_D004967_x_D004715	5	0.13333333333333333	0.2	0.1	0.03333333333333334
1127	23861206_8086_x_C536008	1	0.9	0.9	0.9	0.0
1128	23861206_8086_x_C536008	2	0.9199999999999999	1.0	1.0	0.05830951894845301
1129	23861206_8086_x_C536008	3	0.8400000000000001	0.9	0.9	0.04000000000000001
1130	23861206_8086_x_C536008	4	0.9800000000000001	1.0	1.0	0.020000000000000004
1131	23861206_8086_x_C536008	5	0.9800000000000001	1.0	1.0	0.019999999999999993
1132	23861206_8086_x_C536008	6	0.9800000000000001	1.0	1.0	0.019999999999999997
1133	23861206_8086_x_C536008	7	1.0	1.0	1.0	0.0
1134	23861206_8086_x_C536008	8	1.0	1.0	1.0	0.0
1135	23861206_8086_x_C536008	9	1.0	1.0	1.0	0.0
1136	23861206_8086_x_C536008	10	1.0	1.0	1.0	0.0
1137	23861206_8086_x_C536008	11	1.0	1.0	1.0	0.0
1138	23861206_8086_x_C536008	12	1.0	1.0	1.0	0.0
1139	23861206_8086_x_C536008	13	1.0	1.0	1.0	0.0
1140	23861206_8086_x_C536008	14	1.0	1.0	1.0	0.0
1141	23861206_8086_x_C536008	15	1.0	1.0	1.0	0.0
1142	23861206_8086_x_D001342	1	0.76	0.9	0.8	0.050990195135927854
1143	23861206_8086_x_D001342	2	0.7200000000000001	0.8	0.7	0.037416573867739424
1144	23861206_8086_x_D001342	3	0.96	1.0	1.0	0.024494897427831782
1145	23861206_8086_x_D001342	4	0.8800000000000001	1.0	0.9	0.05830951894845301
1146	23861206_8086_x_D001342	5	1.0	1.0	1.0	0.0
1147	23861206_8086_x_D001342	6	0.9400000000000001	1.0	0.9	0.024494897427831775
1148	23861206_8086_x_D001342	7	1.0	1.0	1.0	0.0
1149	23861206_8086_x_D001342	8	1.0	1.0	1.0	0.0
1150	23861206_8086_x_D001342	9	1.0	1.0	1.0	0.0
1151	23861206_8086_x_D001342	10	1.0	1.0	1.0	0.0
1152	23861206_8086_x_D001342	11	1.0	1.0	1.0	0.0
1153	23861206_8086_x_D001342	12	1.0	1.0	1.0	0.0
1154	23861206_8086_x_D001342	13	1.0	1.0	1.0	0.0
1155	23861206_8086_x_D001342	14	1.0	1.0	1.0	0.0
1156	23861206_8086_x_D001342	15	1.0	1.0	1.0	0.0
1157	23861206_8086_x_D055534	1	0.6799999999999999	1.0	0.7	0.0916515138991168
1158	23861206_8086_x_D055534	2	0.58	0.7	0.6	0.037416573867739396
1159	23861206_8086_x_D055534	3	0.9199999999999999	1.0	0.9	0.020000000000000004
1160	23861206_8086_x_D055534	4	0.9	1.0	0.9	0.03162277660168379
1161	23861206_8086_x_D055534	5	1.0	1.0	1.0	0.0
1162	23861206_8086_x_D055534	6	1.0	1.0	1.0	0.0
1163	23861206_8086_x_D055534	7	1.0	1.0	1.0	0.0
1164	23861206_8086_x_D055534	8	1.0	1.0	1.0	0.0
1165	23861206_8086_x_D055534	9	1.0	1.0	1.0	0.0
1166	23861206_8086_x_D055534	10	1.0	1.0	1.0	0.0
1167	23861206_8086_x_D055534	11	1.0	1.0	1.0	0.0
1168	23861206_8086_x_D055534	12	1.0	1.0	1.0	0.0
1169	23861206_8086_x_D055534	13	1.0	1.0	1.0	0.0
1170	23861206_8086_x_D055534	14	1.0	1.0	1.0	0.0
1171	23861206_8086_x_D055534	15	1.0	1.0	1.0	0.0
1172	23956580_28911_x_D003929	1	1.0	1.0	1.0	0.0
1173	23956580_28911_x_D003929	2	1.0	1.0	1.0	0.0
1174	23956580_28911_x_D003929	3	1.0	1.0	1.0	0.0
1175	23956580_28911_x_D003929	4	1.0	1.0	1.0	0.0
1176	23956580_28911_x_D003929	5	1.0	1.0	1.0	0.0
1177	23956580_28911_x_D003929	6	1.0	1.0	1.0	0.0
1178	23956580_28911_x_D003929	7	1.0	1.0	1.0	0.0
1179	23956580_28911_x_D003929	8	1.0	1.0	1.0	0.0
1180	23956580_28911_x_D003929	9	1.0	1.0	1.0	0.0
1181	23956580_28911_x_D003929	10	1.0	1.0	1.0	0.0
1182	23956580_28911_x_D003929	11	1.0	1.0	1.0	0.0
1183	23956580_28911_x_D003929	12	1.0	1.0	1.0	0.0
1184	23956580_28911_x_D003929	13	1.0	1.0	1.0	0.0
1185	23956580_28911_x_D003929	14	1.0	1.0	1.0	0.0
1186	23956580_28911_x_D003929	15	1.0	1.0	1.0	0.0
1187	24094038_C004848_x_D000544	1	0.82	1.0	0.9	0.07348469228349537
1188	24094038_C004848_x_D000544	2	0.8	0.8	0.8	0.0
1189	24094038_C004848_x_D000544	3	0.9400000000000001	1.0	1.0	0.039999999999999994
1190	24094038_C004848_x_D000544	4	0.96	1.0	1.0	0.024494897427831785
1191	24094038_C004848_x_D000544	5	0.96	1.0	1.0	0.024494897427831782
1192	24094038_C004848_x_D000544	6	1.0	1.0	1.0	0.0
1193	24094038_C004848_x_D000544	7	1.0	1.0	1.0	0.0
1194	24094038_C004848_x_D000544	8	1.0	1.0	1.0	0.0
1195	24094038_C004848_x_D000544	9	1.0	1.0	1.0	0.0
1196	24094038_C004848_x_D000544	10	1.0	1.0	1.0	0.0
1197	24094038_C004848_x_D000544	11	1.0	1.0	1.0	0.0
1198	24094038_C004848_x_D000544	12	1.0	1.0	1.0	0.0
1199	24094038_C004848_x_D000544	13	1.0	1.0	1.0	0.0
1200	24094038_C004848_x_D000544	14	1.0	1.0	1.0	0.0
1201	24094038_C004848_x_D000544	15	1.0	1.0	1.0	0.0
1202	24115865_D004121_x_D000860	1	0.1	0.1	0.1	0.0
1203	24115865_D004121_x_D000860	2	0.1	0.1	0.1	0.0
1204	24115865_D004121_x_D000860	3	0.2	0.3	0.2	0.04472135954999578
1205	24115865_D004121_x_D000860	4	0.1	0.1	0.1	
1206	24139699_5443_x_D004931	1	0.41999999999999993	0.6	0.4	0.058309518948452994
1207	24139699_5443_x_D004931	2	0.5800000000000001	0.7	0.6	0.0374165738677394
1208	24139699_5443_x_D004931	3	0.45999999999999996	0.7	0.5	0.07483314773547882
1209	24139699_5443_x_D004931	4	0.4999999999999999	0.7	0.5	0.07071067811865475
1210	24139699_5443_x_D004931	5	0.58	0.7	0.6	0.037416573867739396
1211	24139699_5443_x_D004931	6	0.4600000000000001	0.6	0.5	0.09273618495495703
1212	24139699_5443_x_D004931	7	0.6799999999999999	0.8	0.7	0.048989794855663564
1213	24139699_5443_x_D004931	8	0.48	0.6	0.5	0.03741657386773941
1214	24139699_5443_x_D004931	9	0.74	0.9	0.8	0.0678232998312527
1215	24139699_5443_x_D004931	10	0.4	0.7	0.4	0.08366600265340755
1216	24139699_5443_x_D004931	11	0.68	0.8	0.8	0.09695359714832659
1217	24139699_5443_x_D004931	12	0.52	0.7	0.6	0.08602325267042626
1218	24139699_5443_x_D004931	13	0.72	0.9	0.7	0.04898979485566357
1219	24139699_5443_x_D004931	14	0.5599999999999999	0.7	0.5	0.05999999999999998
1220	24139699_5443_x_D004931	15	1.0	1.0	1.0	0.0
1221	24139699_5443_x_D009422	1	0.22000000000000003	0.4	0.2	0.05830951894845301
1222	24139699_5443_x_D009422	2	0.18	0.3	0.1	0.04898979485566356
1223	24139699_5443_x_D009422	3	0.10000000000000002	0.1	0.1	0.0
1224	24139699_5443_x_D009422	4	0.22499999999999998	0.3	0.25	0.047871355387816894
1225	24139699_5443_x_D009422	5	0.26	0.3	0.3	0.039999999999999994
1226	24139699_5443_x_D009422	6	0.15000000000000002	0.2	0.15000000000000002	0.05
1227	24139699_5443_x_D009422	7	0.1	0.1	0.1	
1228	24139699_5443_x_D009422	8	0.1	0.1	0.1	0.0
1229	24139699_5443_x_D009422	9	0.1	0.1	0.1	0.0
1230	24139699_5443_x_D009422	10	0.10000000000000002	0.1	0.1	0.0
1231	24139699_5443_x_D016472	1	0.26	0.4	0.2	0.04000000000000001
1232	24139699_5443_x_D016472	2	0.25999999999999995	0.4	0.3	0.05099019513592784
1233	24139699_5443_x_D016472	3	0.13333333333333333	0.2	0.1	0.03333333333333334
1234	24139699_5443_x_D016472	4	0.26	0.4	0.2	0.04000000000000001
1235	24139699_5443_x_D016472	5	0.2	0.3	0.2	0.04472135954999579
1236	24139699_5443_x_D016472	6	0.2	0.3	0.2	0.03162277660168379
1237	24139699_5443_x_D016472	7	0.275	0.5	0.2	0.075
1238	24139699_5443_x_D016472	8	0.15	0.2	0.15000000000000002	0.028867513459481294
1239	24139699_5443_x_D016472	9	0.10000000000000002	0.1	0.1	0.0
1240	24139699_5443_x_D016472	10	0.22000000000000003	0.3	0.3	0.04898979485566356
1241	24139699_5443_x_D016472	11	0.1	0.1	0.1	0.0
1242	24139699_5443_x_D016472	12	0.1	0.1	0.1	
1243	24279733_C033171_x_D008659	1	0.13333333333333333	0.2	0.1	0.03333333333333334
1244	24279733_C033171_x_D008659	2	0.125	0.2	0.1	0.025
1245	24497285_C010686_x_D009369	1	0.25999999999999995	0.5	0.2	0.06782329983125267
1246	24497285_C010686_x_D009369	2	0.175	0.3	0.15000000000000002	0.0478713553878169
1247	24497285_C010686_x_D009369	3	0.125	0.2	0.1	0.025
1248	24497285_C010686_x_D009369	4	0.25	0.4	0.2	0.05
1249	24497285_C010686_x_D009369	5	0.10000000000000002	0.1	0.1	0.0
1250	24497285_C010686_x_D009369	6	0.1	0.1	0.1	0.0
1251	24517367_C009091_x_D019636	1	0.22500000000000003	0.4	0.2	0.07500000000000001
1252	24517367_C009091_x_D019636	2	0.17500000000000002	0.3	0.15000000000000002	0.0478713553878169
1253	24517367_C009091_x_D019636	3	0.13333333333333333	0.2	0.1	0.03333333333333334
1254	24517367_C009091_x_D019636	4	0.17500000000000002	0.3	0.15000000000000002	0.0478713553878169
1255	24517367_C009091_x_D019636	5	0.23333333333333336	0.4	0.2	0.0881917103688197
1256	24517367_C009091_x_D019636	6	0.13333333333333333	0.2	0.1	0.03333333333333334
1257	24517367_C009091_x_D019636	7	0.13999999999999999	0.2	0.1	0.024494897427831782
1258	24517367_C009091_x_D019636	8	0.10000000000000002	0.1	0.1	0.0
1259	24517367_C009091_x_D019636	9	0.13333333333333333	0.2	0.1	0.03333333333333334
1260	24517367_C009091_x_D019636	10	0.1	0.1	0.1	0.0
1261	24651605_55768_x_D003677	1	0.8400000000000001	0.9	0.8	0.024494897427831768
1262	24651605_55768_x_D003677	2	0.8600000000000001	0.9	0.9	0.02449489742783177
1263	24651605_55768_x_D003677	3	0.96	1.0	1.0	0.039999999999999994
1264	24651605_55768_x_D003677	4	1.0	1.0	1.0	0.0
1265	24651605_55768_x_D003677	5	1.0	1.0	1.0	0.0
1266	24651605_55768_x_D003677	6	1.0	1.0	1.0	0.0
1267	24651605_55768_x_D003677	7	1.0	1.0	1.0	0.0
1268	24651605_55768_x_D003677	8	1.0	1.0	1.0	0.0
1269	24651605_55768_x_D003677	9	1.0	1.0	1.0	0.0
1270	24651605_55768_x_D003677	10	1.0	1.0	1.0	0.0
1271	24651605_55768_x_D003677	11	1.0	1.0	1.0	0.0
1272	24651605_55768_x_D003677	12	1.0	1.0	1.0	0.0
1273	24651605_55768_x_D003677	13	1.0	1.0	1.0	0.0
1274	24651605_55768_x_D003677	14	1.0	1.0	1.0	0.0
1275	24651605_55768_x_D012640	1	0.8800000000000001	1.0	0.9	0.037416573867739396
1276	24651605_55768_x_D012640	2	0.8400000000000001	1.0	0.9	0.06782329983125268
1277	24651605_55768_x_D012640	3	0.9200000000000002	1.0	0.9	0.03741657386773941
1278	24651605_55768_x_D012640	4	0.96	1.0	1.0	0.024494897427831782
1279	24651605_55768_x_D012640	5	0.9800000000000001	1.0	1.0	0.019999999999999993
1280	24651605_55768_x_D012640	6	1.0	1.0	1.0	0.0
1281	24651605_55768_x_D012640	7	1.0	1.0	1.0	0.0
1282	24651605_55768_x_D012640	8	1.0	1.0	1.0	0.0
1283	24651605_55768_x_D012640	9	1.0	1.0	1.0	0.0
1284	24651605_55768_x_D012640	10	1.0	1.0	1.0	0.0
1285	24651605_55768_x_D012640	11	1.0	1.0	1.0	0.0
1286	24651605_55768_x_D012640	12	1.0	1.0	1.0	0.0
1287	24651605_55768_x_D012640	13	1.0	1.0	1.0	0.0
1288	24651605_55768_x_D012640	14	1.0	1.0	1.0	0.0
1289	24651605_55768_x_D012640	15	1.0	1.0	1.0	0.0
1290	25331899_C049568_x_D018981	1	0.7	0.8	0.7	0.031622776601683805
1291	25331899_C049568_x_D018981	2	0.6799999999999999	0.8	0.7	0.07348469228349533
1292	25331899_C049568_x_D018981	3	0.8400000000000001	1.0	0.9	0.06
1293	25331899_C049568_x_D018981	4	0.9400000000000001	1.0	0.9	0.024494897427831765
1294	25331899_C049568_x_D018981	5	0.9	0.9	0.9	0.0
1295	25331899_C049568_x_D018981	6	0.96	1.0	1.0	0.024494897427831782
1296	25331899_C049568_x_D018981	7	0.9800000000000001	1.0	1.0	0.019999999999999997
1297	25331899_C049568_x_D018981	8	1.0	1.0	1.0	0.0
1298	25331899_C049568_x_D018981	9	1.0	1.0	1.0	0.0
1299	25331899_C049568_x_D018981	10	1.0	1.0	1.0	0.0
1300	25331899_C049568_x_D018981	11	1.0	1.0	1.0	0.0
1301	25331899_C049568_x_D018981	12	1.0	1.0	1.0	0.0
1302	25331899_C049568_x_D018981	13	1.0	1.0	1.0	0.0
1303	25331899_C049568_x_D018981	14	1.0	1.0	1.0	0.0
1304	25331899_None_x_D018981	1	0.86	1.0	0.9	0.05099019513592785
1305	25331899_None_x_D018981	2	0.8400000000000001	0.9	0.9	0.039999999999999994
1306	25331899_None_x_D018981	3	0.9400000000000001	1.0	1.0	0.06
1307	25331899_None_x_D018981	4	1.0	1.0	1.0	0.0
1308	25331899_None_x_D018981	5	1.0	1.0	1.0	0.0
1309	25331899_None_x_D018981	6	1.0	1.0	1.0	0.0
1310	25331899_None_x_D018981	7	1.0	1.0	1.0	0.0
1311	25331899_None_x_D018981	8	1.0	1.0	1.0	0.0
1312	25331899_None_x_D018981	9	1.0	1.0	1.0	0.0
1313	25331899_None_x_D018981	10	1.0	1.0	1.0	0.0
1314	25331899_None_x_D018981	11	1.0	1.0	1.0	0.0
1315	25331899_None_x_D018981	12	1.0	1.0	1.0	0.0
1316	25331899_None_x_D018981	13	1.0	1.0	1.0	0.0
1317	25331899_None_x_D018981	14	1.0	1.0	1.0	0.0
1318	25331899_None_x_D018981	15	1.0	1.0	1.0	0.0
1319	25478884_None_x_D017772	1	0.9800000000000001	1.0	1.0	0.019999999999999993
1320	25478884_None_x_D017772	2	0.96	1.0	1.0	0.039999999999999994
1321	25478884_None_x_D017772	3	1.0	1.0	1.0	0.0
1322	25478884_None_x_D017772	4	1.0	1.0	1.0	0.0
1323	25478884_None_x_D017772	5	1.0	1.0	1.0	0.0
1324	25478884_None_x_D017772	6	1.0	1.0	1.0	0.0
1325	25478884_None_x_D017772	7	1.0	1.0	1.0	0.0
1326	25478884_None_x_D017772	8	1.0	1.0	1.0	0.0
1327	25478884_None_x_D017772	9	1.0	1.0	1.0	0.0
1328	25478884_None_x_D017772	10	1.0	1.0	1.0	0.0
1329	25478884_None_x_D017772	11	1.0	1.0	1.0	0.0
1330	25478884_None_x_D017772	12	1.0	1.0	1.0	0.0
1331	25478884_None_x_D017772	13	1.0	1.0	1.0	0.0
1332	25478884_None_x_D017772	14	1.0	1.0	1.0	0.0
1333	25478884_None_x_D017772	15	1.0	1.0	1.0	0.0
1334	25639459_None_x_D000544	1	0.7799999999999999	1.0	0.7	0.05830951894845301
1335	25639459_None_x_D000544	2	0.8400000000000001	0.9	0.9	0.039999999999999994
1336	25639459_None_x_D000544	3	0.9800000000000001	1.0	1.0	0.020000000000000004
1337	25639459_None_x_D000544	4	1.0	1.0	1.0	0.0
1338	25639459_None_x_D000544	5	1.0	1.0	1.0	0.0
1339	25639459_None_x_D000544	6	1.0	1.0	1.0	0.0
1340	25639459_None_x_D000544	7	1.0	1.0	1.0	0.0
1341	25639459_None_x_D000544	8	1.0	1.0	1.0	0.0
1342	25639459_None_x_D000544	9	1.0	1.0	1.0	0.0
1343	25639459_None_x_D000544	10	1.0	1.0	1.0	0.0
1344	25639459_None_x_D000544	11	1.0	1.0	1.0	0.0
1345	25639459_None_x_D000544	12	1.0	1.0	1.0	0.0
1346	25639459_None_x_D000544	13	1.0	1.0	1.0	0.0
1347	25639459_None_x_D000544	14	1.0	1.0	1.0	0.0
1348	25639459_None_x_D000544	15	1.0	1.0	1.0	0.0
1349	25781531_8086_x_D009422	1	0.96	1.0	1.0	0.024494897427831785
1350	25781531_8086_x_D009422	2	0.9	1.0	0.9	0.04472135954999577
1351	25781531_8086_x_D009422	3	1.0	1.0	1.0	0.0
1352	25781531_8086_x_D009422	4	1.0	1.0	1.0	0.0
1353	25781531_8086_x_D009422	5	1.0	1.0	1.0	0.0
1354	25781531_8086_x_D009422	6	1.0	1.0	1.0	0.0
1355	25781531_8086_x_D009422	7	1.0	1.0	1.0	0.0
1356	25781531_8086_x_D009422	8	1.0	1.0	1.0	0.0
1357	25781531_8086_x_D009422	9	1.0	1.0	1.0	0.0
1358	25781531_8086_x_D009422	10	1.0	1.0	1.0	0.0
1359	25781531_8086_x_D009422	11	1.0	1.0	1.0	0.0
1360	25781531_8086_x_D009422	12	1.0	1.0	1.0	0.0
1361	25781531_8086_x_D009422	13	1.0	1.0	1.0	0.0
1362	25781531_8086_x_D009422	14	1.0	1.0	1.0	0.0
1363	25781531_8086_x_D009422	15	1.0	1.0	1.0	0.0
1364	25781531_8086_x_D018908	1	0.7600000000000001	1.0	0.7	0.0678232998312527
1365	25781531_8086_x_D018908	2	0.66	0.7	0.7	0.024494897427831768
1366	25781531_8086_x_D018908	3	0.82	1.0	0.7	0.07348469228349536
1367	25781531_8086_x_D018908	4	0.82	0.9	0.8	0.03741657386773943
1368	25781531_8086_x_D018908	5	0.9199999999999999	1.0	0.9	0.019999999999999993
1369	25781531_8086_x_D018908	6	0.9199999999999999	1.0	0.9	0.037416573867739396
1370	25781531_8086_x_D018908	7	1.0	1.0	1.0	0.0
1371	25781531_8086_x_D018908	8	0.9800000000000001	1.0	1.0	0.020000000000000004
1372	25781531_8086_x_D018908	9	1.0	1.0	1.0	0.0
1373	25781531_8086_x_D018908	10	1.0	1.0	1.0	0.0
1374	25781531_8086_x_D018908	11	1.0	1.0	1.0	0.0
1375	25781531_8086_x_D018908	12	1.0	1.0	1.0	0.0
1376	25781531_8086_x_D018908	13	1.0	1.0	1.0	0.0
1377	25781531_8086_x_D018908	14	1.0	1.0	1.0	0.0
1378	25781531_8086_x_D018908	15	1.0	1.0	1.0	0.0
1379	2854735_D016210_x_D007239	1	0.25999999999999995	0.4	0.2	0.04
1380	2854735_D016210_x_D007239	2	0.15000000000000002	0.2	0.15000000000000002	0.05
1381	2854735_D016210_x_D007239	3	0.1	0.1	0.1	0.0
1382	2854735_D016210_x_D007239	4	0.125	0.2	0.1	0.02500000000000001
1383	2854735_D016210_x_D007239	5	0.1	0.1	0.1	
1384	2854735_D016210_x_D007239	6	0.1	0.1	0.1	0.0
1385	3014426_5443_x_D004931	1	0.64	0.8	0.6	0.05099019513592784
1386	3014426_5443_x_D004931	2	0.6	0.7	0.6	0.04472135954999579
1387	3014426_5443_x_D004931	3	0.76	0.9	0.8	0.07483314773547883
1388	3014426_5443_x_D004931	4	0.8400000000000001	0.9	0.8	0.024494897427831775
1389	3014426_5443_x_D004931	5	0.9400000000000001	1.0	0.9	0.02449489742783178
1390	3014426_5443_x_D004931	6	0.9199999999999999	1.0	0.9	0.037416573867739396
1391	3014426_5443_x_D004931	7	0.9800000000000001	1.0	1.0	0.019999999999999993
1392	3014426_5443_x_D004931	8	0.9400000000000001	1.0	1.0	0.039999999999999994
1393	3014426_5443_x_D004931	9	0.96	1.0	1.0	0.024494897427831765
1394	3014426_5443_x_D004931	10	0.9400000000000001	1.0	1.0	0.039999999999999994
1395	3014426_5443_x_D004931	11	0.96	1.0	1.0	0.039999999999999994
1396	3014426_5443_x_D004931	12	1.0	1.0	1.0	0.0
1397	3014426_5443_x_D004931	13	1.0	1.0	1.0	0.0
1398	3014426_5443_x_D004931	14	1.0	1.0	1.0	0.0
1399	3014426_5443_x_D004931	15	1.0	1.0	1.0	0.0
1400	8006362_D005227_x_D000326	1	0.9400000000000001	1.0	1.0	0.03999999999999998
1401	8006362_D005227_x_D000326	2	1.0	1.0	1.0	0.0
1402	8006362_D005227_x_D000326	3	1.0	1.0	1.0	0.0
1403	8006362_D005227_x_D000326	4	1.0	1.0	1.0	0.0
1404	8006362_D005227_x_D000326	5	1.0	1.0	1.0	0.0
1405	8006362_D005227_x_D000326	6	1.0	1.0	1.0	0.0
1406	8006362_D005227_x_D000326	7	1.0	1.0	1.0	0.0
1407	8006362_D005227_x_D000326	8	1.0	1.0	1.0	0.0
1408	8006362_D005227_x_D000326	9	1.0	1.0	1.0	0.0
1409	8006362_D005227_x_D000326	10	1.0	1.0	1.0	0.0
1410	8006362_D005227_x_D000326	11	1.0	1.0	1.0	0.0
1411	8006362_D005227_x_D000326	12	1.0	1.0	1.0	0.0
1412	8006362_D005227_x_D000326	13	1.0	1.0	1.0	0.0
1413	8006362_D005227_x_D000326	14	1.0	1.0	1.0	0.0
1414	8006362_D005227_x_D000326	15	1.0	1.0	1.0	0.0
1415	8046350_C541943_x_D001168	1	0.9400000000000001	1.0	1.0	0.039999999999999994
1416	8046350_C541943_x_D001168	2	0.96	1.0	1.0	0.02449489742783178
1417	8046350_C541943_x_D001168	3	1.0	1.0	1.0	0.0
1418	8046350_C541943_x_D001168	4	1.0	1.0	1.0	0.0
1419	8046350_C541943_x_D001168	5	1.0	1.0	1.0	0.0
1420	8046350_C541943_x_D001168	6	1.0	1.0	1.0	0.0
1421	8046350_C541943_x_D001168	7	1.0	1.0	1.0	0.0
1422	8046350_C541943_x_D001168	8	1.0	1.0	1.0	0.0
1423	8046350_C541943_x_D001168	9	1.0	1.0	1.0	0.0
1424	8046350_C541943_x_D001168	10	1.0	1.0	1.0	0.0
1425	8046350_C541943_x_D001168	11	1.0	1.0	1.0	0.0
1426	8046350_C541943_x_D001168	12	1.0	1.0	1.0	0.0
1427	8046350_C541943_x_D001168	13	1.0	1.0	1.0	0.0
1428	8046350_C541943_x_D001168	14	1.0	1.0	1.0	0.0
1429	8046350_C541943_x_D001168	15	1.0	1.0	1.0	0.0
1430	8253654_5443_x_C536008	1	0.42000000000000004	0.6	0.4	0.066332495807108
1431	8253654_5443_x_C536008	2	0.36000000000000004	0.5	0.3	0.04000000000000001
1432	8253654_5443_x_C536008	3	0.32	0.5	0.3	0.05830951894845301
1433	8253654_5443_x_C536008	4	0.42000000000000004	0.6	0.4	0.09165151389911678
1434	8253654_5443_x_C536008	5	0.54	0.6	0.5	0.024494897427831782
1435	8253654_5443_x_C536008	6	0.54	0.6	0.6	0.03999999999999998
1436	8253654_5443_x_C536008	7	0.8200000000000001	0.9	0.8	0.019999999999999993
1437	8253654_5443_x_C536008	8	0.74	0.9	0.7	0.05099019513592786
1438	8253654_5443_x_C536008	9	0.8400000000000001	0.9	0.8	0.02449489742783177
1439	8253654_5443_x_C536008	10	0.86	1.0	0.9	0.05099019513592785
1440	8253654_5443_x_C536008	11	0.9199999999999999	1.0	0.9	0.037416573867739396
1441	8253654_5443_x_C536008	12	1.0	1.0	1.0	0.0
1442	8253654_5443_x_C536008	13	1.0	1.0	1.0	0.0
1443	8253654_5443_x_C536008	14	1.0	1.0	1.0	0.0
1444	8253654_5443_x_C536008	15	1.0	1.0	1.0	0.0
1445	8253654_5443_x_C536009	1	0.32	0.5	0.3	0.066332495807108
1446	8253654_5443_x_C536009	2	0.43999999999999995	0.6	0.4	0.05099019513592784
1447	8253654_5443_x_C536009	3	0.44000000000000006	0.5	0.5	0.04000000000000001
1448	8253654_5443_x_C536009	4	0.39999999999999997	0.7	0.4	0.09486832980505136
1449	8253654_5443_x_C536009	5	0.32	0.4	0.4	0.05830951894845301
1450	8253654_5443_x_C536009	6	0.45999999999999996	0.5	0.5	0.024494897427831775
1451	8253654_5443_x_C536009	7	0.27999999999999997	0.5	0.3	0.08
1452	8253654_5443_x_C536009	8	0.16	0.3	0.1	0.04
1453	8253654_5443_x_C536009	9	0.18000000000000002	0.4	0.1	0.05830951894845301
1454	8253654_5443_x_C536009	10	0.33999999999999997	0.5	0.4	0.06782329983125268
1455	8253654_5443_x_C536009	11	0.33999999999999997	0.5	0.3	0.05099019513592785
1456	8253654_5443_x_C536009	12	0.12	0.2	0.1	0.02
1457	8253654_5443_x_C536009	13	0.13999999999999999	0.2	0.1	0.024494897427831782
1458	8253654_5443_x_C536009	14	0.32	0.5	0.4	0.07348469228349533
1459	9621534_59330_x_None	1	0.38	0.6	0.3	0.07348469228349534
1460	9621534_59330_x_None	2	0.42000000000000004	0.7	0.4	0.09695359714832656
1461	9621534_59330_x_None	3	0.5399999999999999	0.7	0.5	0.050990195135927834
1462	9621534_59330_x_None	4	0.39999999999999997	0.6	0.4	0.07071067811865475
1463	9621534_59330_x_None	5	0.56	0.7	0.6	0.09273618495495702
1464	9621534_59330_x_None	6	0.4	0.7	0.4	0.08366600265340754
1465	9621534_59330_x_None	7	0.5800000000000001	0.7	0.6	0.05830951894845299
1466	9621534_59330_x_None	8	0.37500000000000006	0.4	0.4	0.025000000000000005
1467	9621534_59330_x_None	9	0.44000000000000006	0.8	0.4	0.09273618495495704
1468	9621534_59330_x_None	10	0.48	0.6	0.5	0.0374165738677394
1469	9621534_59330_x_None	11	0.27999999999999997	0.4	0.3	0.03741657386773941
1470	9621534_59330_x_None	12	0.38	0.5	0.4	0.07348469228349534
1471	9621534_59330_x_None	13	0.43999999999999995	0.7	0.5	0.08717797887081347
1472	9621534_59330_x_None	14	0.2	0.4	0.1	0.0632455532033676
